150.9853	150.9853	1891.3623
151.0476	151.0476	7304.5326
151.0496	151.0496	2520.8734
151.0540	151.0540	3590.3799
151.0840	151.0840	2813.4204
151.0863	151.0863	1137.3986
152.0316	152.0316	2330.5253
152.0493	152.0493	8224.459
152.0618	152.0618	390019.9918
153.0571	153.0571	40235.0053
153.0652	153.0652	33861.2679
153.0697	153.0697	80647.9039
153.1020	153.1020	1312.3138
154.0649	154.0649	599949.2045
154.9951	154.9951	8207.6255
155.0189	155.0189	18454.1984
155.0425	155.0425	3562.283
155.0488	155.0488	1622.5732
155.0601	155.0601	157057.8627
155.0682	155.0682	52138.0161
155.0727	155.0727	40519.9282
155.0852	155.0852	1501.8402
156.0029	156.0029	68578.4489
156.0266	156.0266	1237.1939
156.0393	156.0393	5879.5013
156.0634	156.0634	2865.0933
156.0679	156.0679	162022.7405
156.0806	156.0806	195600.5112
156.9982	156.9982	68749.2572
157.0346	157.0346	117284.3492
157.0646	157.0646	5303.6567
157.0713	157.0713	6910.6574
157.0758	157.0758	195637.5568
157.0839	157.0839	8148.5405
157.0884	157.0884	11314.8682
157.1081	157.1081	1958.3364
158.0061	158.0061	5980.7633
158.0186	158.0186	38567.0281
158.0550	158.0550	15976.2741
158.0598	158.0598	17523.6599
158.0792	158.0792	8672.5505
158.0836	158.0836	105332.3035
158.0962	158.0962	29669.0674
159.0139	159.0139	150313.0518
159.0503	159.0503	263083.0808
159.0526	159.0526	2363.3802
159.0676	159.0676	7319.2821
159.0914	159.0914	263295.5676
159.9955	159.9955	1945.5587
159.9979	159.9979	37411.6058
160.0342	160.0342	27440.8455
160.0537	160.0537	3561.8925
160.0707	160.0707	10151.7289
160.0755	160.0755	49557.9228
160.0948	160.0948	16743.5639
160.9991	160.9991	2069.8673
161.0295	161.0295	11519.487
161.0383	161.0383	13381.6257
161.0659	161.0659	53604.442
161.0683	161.0683	11360.2318
161.0707	161.0707	1653.999
161.1072	161.1072	1270.8105
162.0183	162.0183	149194.1659
162.0461	162.0461	2203.0825
162.0499	162.0499	74241.7845
162.0547	162.0547	5682.633
162.0910	162.0910	1818.8294
162.9407	162.9407	35271.0967
163.0146	163.0146	695453.6631
163.0475	163.0475	8439.6727
163.0540	163.0540	226158.4953
163.0839	163.0839	25149.3902
163.0864	163.0864	2268.712
163.9219	163.9219	1131.2346
163.9362	163.9362	1329.1939
163.9457	163.9457	18115.2737
164.0180	164.0180	5719.4211
164.0493	164.0493	45405.9988
164.0574	164.0574	14381.0228
164.0618	164.0618	10512.4007
164.8819	164.8819	25371.4849
164.9072	164.9072	4313.2046
164.9203	164.9203	36334232.97
164.9295	164.9295	594514.2532
164.9587	164.9587	28410.2206
165.0267	165.0267	4173.5438
165.0283	165.0283	2051.2859
165.0570	165.0570	7020.2654
165.0631	165.0631	7018.2934
165.0695	165.0695	264529.1476
165.0994	165.0994	7503.3531
165.9196	165.9196	233097.9848
165.9244	165.9244	33791.0906
166.0522	166.0522	2616.0633
166.0583	166.0583	1743.2113
166.0648	166.0648	298411.5476
166.0729	166.0729	33121.2256
166.0774	166.0774	2096.1668
166.0971	166.0971	1487.8041
166.9160	166.9160	1524668.38
166.9244	166.9244	245251.7088
166.9801	166.9801	80355.2386
167.0189	167.0189	2210.2572
167.0601	167.0601	72795.9267
167.0682	167.0682	25549.7226
167.0727	167.0727	584700.1848
167.0852	167.0852	4969.7817
167.1177	167.1177	1321.2673
168.0005	168.0005	1194.6044
168.0030	168.0030	1580.4904
168.0567	168.0567	58662.3481
168.0679	168.0679	110556.5483
168.0740	168.0740	4070.8111
168.0760	168.0760	55230.9456
168.0805	168.0805	213965.5551
168.9958	168.9958	8326.6487
168.9981	168.9981	11089.7526
169.0345	169.0345	49972.9561
169.0518	169.0518	1975.1803
169.0645	169.0645	142426.7359
169.0713	169.0713	2630.5216
169.0757	169.0757	248435.8296
169.0838	169.0838	10183.4423
169.0883	169.0883	6006.7448
169.0969	169.0969	1508.841
169.1332	169.1332	11323.2086
170.0060	170.0060	7669.8438
170.0186	170.0186	8308.7386
170.0550	170.0550	2264.9841
170.0597	170.0597	296300.6804
170.0678	170.0678	5486.2407
170.0791	170.0791	9835.2945
170.0835	170.0835	5557.6196
170.0961	170.0961	49980.9867
171.0138	171.0138	69712.8423
171.0502	171.0502	32848.7933
171.0631	171.0631	20449.4602
171.0914	171.0914	34105.779
171.9954	171.9954	19030.7569
171.9978	171.9978	8815.7016
172.0342	172.0342	18535.216
172.0454	172.0454	3859.1264
172.0706	172.0706	53822.5817
172.0754	172.0754	16795.6584
172.1118	172.1118	2112.3889
172.9348	172.9348	3047.5733
173.0295	173.0295	226635.1817
173.0659	173.0659	63167.0974
173.0707	173.0707	2092.9448
173.1071	173.1071	1403.9251
174.0135	174.0135	86526.0652
174.0248	174.0248	13600.6664
174.0462	174.0462	22653.5972
174.0499	174.0499	21850.6483
174.0911	174.0911	2878.221
174.9975	174.9975	2350.713
175.0451	175.0451	5878.1336
175.0815	175.0815	174670.8006
175.9458	175.9458	2184.395
176.0404	176.0404	37614.151
176.0618	176.0618	155081.0819
176.0655	176.0655	247146.1111
176.1067	176.1067	1156.916
177.0159	177.0159	1081.4387
177.0244	177.0244	49673.4112
177.0571	177.0571	31264.5166
177.0632	177.0632	19823.0513
177.0651	177.0651	10511.2115
177.0696	177.0696	35705.8018
177.0996	177.0996	16278.8666
177.9849	177.9849	10291.256
178.0237	178.0237	1105.8618
178.0584	178.0584	10708.7756
178.0649	178.0649	88727.848
178.0774	178.0774	121280.8884
178.1335	178.1335	1345.2187
178.9454	178.9454	4635.5317
178.9801	178.9801	103578.0147
179.0425	179.0425	6539.2349
179.0601	179.0601	50957.5831
179.0682	179.0682	1827.5373
179.0727	179.0727	17241.9304
179.0788	179.0788	6055.6586
179.0808	179.0808	5171.2835
179.0853	179.0853	5706.8043
180.0393	180.0393	21123.3325
180.0635	180.0635	1771.7907
180.0679	180.0679	1242.452
180.0741	180.0741	28074.7331
180.0805	180.0805	181381.6166
180.8941	180.8941	263645.7904
180.9594	180.9594	1139.3866
180.9845	180.9845	1111.5396
180.9958	180.9958	9485.9584
181.0346	181.0346	1597.6011
181.0645	181.0645	5617.4279
181.0757	181.0757	96078.1999
181.0838	181.0838	12167.9064
181.0883	181.0883	22793.3406
181.9798	181.9798	16190.3564
182.0298	182.0298	4297.0297
182.0598	182.0598	7348.5532
182.0792	182.0792	4456.2577
182.0836	182.0836	49903.647
182.0962	182.0962	27452.7819
182.8899	182.8899	1640.6814
182.8923	182.8923	7701.832
182.9308	182.9308	33429.4649
182.9639	182.9639	4854.7723
183.0115	183.0115	9147.4179
183.0139	183.0139	14221.4114
183.0502	183.0502	19929.0923
183.0677	183.0677	14556.8689
183.0915	183.0915	62421.5793
183.0996	183.0996	1438.2024
183.1239	183.1239	1659.7616
183.9955	183.9955	63389.397
184.0343	184.0343	6167.9261
184.0455	184.0455	8734.9792
184.0708	184.0708	1362.6091
184.0755	184.0755	31219.9534
184.0948	184.0948	1353.9044
184.1119	184.1119	5798.2829
184.2058	184.2058	2155.6693
184.9795	184.9795	5219.2873
184.9907	184.9907	16483.368
184.9931	184.9931	5238.7869
185.0295	185.0295	50961.7631
185.0384	185.0384	1757.0113
185.0659	185.0659	41279.7768
185.0707	185.0707	46086.1973
185.1071	185.1071	3127.8916
186.0112	186.0112	4983.2522
186.0135	186.0135	4988.5861
186.0499	186.0499	55266.4625
186.0611	186.0611	1530.6588
186.0636	186.0636	1432.4962
186.0740	186.0740	1364.4304
186.0911	186.0911	20456.2062
186.2214	186.2214	46690.975
186.9117	186.9117	1366062.217
187.0088	187.0088	7008.3186
187.0451	187.0451	101047.3636
187.0540	187.0540	85422.0509
187.0815	187.0815	46880.1456
187.0839	187.0839	1217.2117
187.0863	187.0863	3616.0982
187.2247	187.2247	1277.0514
187.9458	187.9458	2342.825
188.0292	188.0292	26608.8735
188.0404	188.0404	8147.6797
188.0493	188.0493	11668.2694
188.0573	188.0573	5241.806
188.0680	188.0680	3804.2137
188.1067	188.1067	2380.7687
188.9372	188.9372	5017.5105
189.0244	189.0244	23928.0269
189.0608	189.0608	1615.9215
189.0632	189.0632	2746.6498
189.0696	189.0696	217031.628
189.0972	189.0972	53270.8285
189.0995	189.0995	9641.9155
189.9614	189.9614	1390.9666
190.0560	190.0560	23056.7007
190.0584	190.0584	2730.451
190.0649	190.0649	99848.4473
190.0730	190.0730	19911.7518
190.0774	190.0774	8251.466
190.0924	190.0924	7681.9978
190.0948	190.0948	1228.3208
191.0400	191.0400	136679.8412
191.0424	191.0424	10708.0219
191.0601	191.0601	4383.5794
191.0682	191.0682	4840.1185
191.0727	191.0727	158853.9614
191.0788	191.0788	45440.0957
191.0810	191.0810	2011.6985
191.0853	191.0853	13555.5951
191.1152	191.1152	19602.3547
191.9879	191.9879	1310.4728
192.0377	192.0377	2549.9231
192.0393	192.0393	23087.0542
192.0567	192.0567	5108.7547
192.0679	192.0679	37853.0872
192.0741	192.0741	25246.4419
192.0760	192.0760	9228.2872
192.0805	192.0805	71833.6416
192.9958	192.9958	34872.9987
193.0520	193.0520	1173.2753
193.0581	193.0581	1856.1436
193.0646	193.0646	8585.6779
193.0758	193.0758	42629.3594
193.0840	193.0840	2580.4404
193.0884	193.0884	35744.0555
193.0946	193.0946	5973.9985
194.0220	194.0220	4502.6443
194.0534	194.0534	4842.5185
194.0550	194.0550	15500.5555
194.0598	194.0598	8276.6723
194.0836	194.0836	2387.746
194.0898	194.0898	25518.9118
194.0962	194.0962	29034.5155
194.9245	194.9245	1310.8645
195.0115	195.0115	20301.7741
195.0739	195.0739	2677.4807
195.0915	195.0915	50337.765
195.9955	195.9955	158978.0051
196.0068	196.0068	2682.0187
196.0343	196.0343	1207.07
196.0517	196.0517	2989.0081
196.0690	196.0690	1839.5266
196.0754	196.0754	13491.4708
196.0868	196.0868	1514.8733
196.1054	196.1054	1230.266
196.1119	196.1119	3091.9169
196.9907	196.9907	13609.4408
196.9989	196.9989	1729.5586
197.0295	197.0295	21281.4745
197.0659	197.0659	10441.2574
197.0707	197.0707	4248.6228
197.1071	197.1071	5474.3711
197.1282	197.1282	1540.9519
197.9622	197.9622	20135.233
198.0111	198.0111	2027.2405
198.0248	198.0248	5542.2099
198.0374	198.0374	1383.1518
198.0462	198.0462	3000.8915
198.0499	198.0499	3053.7839
198.0522	198.0522	1186.1196
198.0611	198.0611	1805.3884
198.0911	198.0911	1423.7681
198.8958	198.8958	21825.6074
198.9053	198.9053	5757.3111
199.0064	199.0064	25131.3551
199.0088	199.0088	51083.3877
199.0451	199.0451	76312.4403
199.0563	199.0563	2142.0761
199.0688	199.0688	1181.4411
199.0815	199.0815	13983.133
199.0865	199.0865	1711.2908
199.9904	199.9904	150206.4429
200.0292	200.0292	7157.8473
200.0404	200.0404	16543.2871
200.0618	200.0618	78594.21
200.0655	200.0655	1940.4273
200.0768	200.0768	1174.5594
200.9939	200.9939	1537.7425
201.0244	201.0244	26592.3476
201.0570	201.0570	13307.7564
201.0608	201.0608	72297.6107
201.0652	201.0652	4397.9003
201.0696	201.0696	1704.69
201.0972	201.0972	11335.4007
202.0060	202.0060	6132.6609
202.0196	202.0196	7517.0442
202.0448	202.0448	37540.8669
202.0561	202.0561	18874.3285
202.0649	202.0649	11936.1905
202.0774	202.0774	131802.2929
202.0860	202.0860	2237.0062
202.9333	202.9333	13909.362
203.0072	203.0072	1332.1986
203.0400	203.0400	18305.1045
203.0600	203.0600	2105.3634
203.0727	203.0727	38164.7542
203.0764	203.0764	2376.3364
203.0789	203.0789	7387.4074
203.0808	203.0808	8495.0727
203.0853	203.0853	8264.4389
203.1152	203.1152	2999.4977
203.9384	203.9384	6028.7696
204.0743	204.0743	6004.2549
204.0807	204.0807	175086.6756
204.0994	204.0994	1742.388
204.9129	204.9129	99288.3283
204.9224	204.9224	790713.5729
204.9959	204.9959	3681.851
205.0253	205.0253	10808.5813
205.0583	205.0583	21684.1273
205.0647	205.0647	4523.1458
205.0759	205.0759	47445.0463
205.0840	205.0840	12626.6556
205.0885	205.0885	10268.5381
205.0946	205.0946	57536.2104
205.1310	205.1310	1470.4938
205.9515	205.9515	2139.9486
205.9564	205.9564	14186.2707
205.9912	205.9912	1015.3959
206.0535	206.0535	9547.408
206.0551	206.0551	10261.1877
206.0837	206.0837	24311.9554
206.0899	206.0899	24725.0359
206.0963	206.0963	23831.7206
206.9267	206.9267	1304.1777
206.9478	206.9478	32450.2534
207.0115	207.0115	3240.0836
207.0320	207.0320	1419.9423
207.0739	207.0739	13884.6812
207.0916	207.0916	14813.2093
207.1103	207.1103	18337.8106
207.9956	207.9956	1200.9593
208.0343	208.0343	10013.0771
208.0456	208.0456	4015.4962
208.0691	208.0691	22302.4678
208.0756	208.0756	2906.7044
208.1055	208.1055	29290.6291
208.1119	208.1119	1515.2383
208.9908	208.9908	10161.0208
209.0115	209.0115	3790.1518
209.0271	209.0271	1567.5463
209.0295	209.0295	2396.0454
209.0531	209.0531	2709.631
209.0660	209.0660	20909.7779
209.0895	209.0895	17379.8485
209.1072	209.1072	8825.0985
209.9748	209.9748	16687.9224
210.0112	210.0112	13157.8485
210.0500	210.0500	147531.6174
210.0612	210.0612	4212.407
210.0847	210.0847	5240.0631
210.0913	210.0913	1431.9643
210.1212	210.1212	7616.9989
211.0065	211.0065	11793.1436
211.0088	211.0088	2936.1997
211.0452	211.0452	10094.5105
211.0540	211.0540	7082.488
211.0815	211.0815	3648.4573
211.0865	211.0865	3899.5732
211.1052	211.1052	9962.4451
211.1188	211.1188	1880.6593
211.1440	211.1440	1485.5107
212.0167	212.0167	6002.9241
212.0268	212.0268	1506.5263
212.0405	212.0405	13267.8771
212.0492	212.0492	2334.3533
212.0657	212.0657	7639.1231
212.0769	212.0769	3232.9227
212.2371	212.2371	180925.4069
212.9350	212.9350	1498.2606
213.0221	213.0221	92774.0959
213.0245	213.0245	117012.9531
213.0609	213.0609	107726.1433
213.0697	213.0697	49898.7035
213.0973	213.0973	4431.1375
213.2405	213.2405	13153.2206
213.9132	213.9132	6062.7573
214.0061	214.0061	130995.4426
214.0198	214.0198	10952.309
214.0450	214.0450	4135.1503
214.0562	214.0562	21583.1638
214.0650	214.0650	31563.8369
214.0731	214.0731	2166.8375
214.0925	214.0925	2502.5742
214.9857	214.9857	1478.1394
215.0276	215.0276	1706.3954
215.0402	215.0402	8547.0613
215.0728	215.0728	27418.4011
215.0765	215.0765	83284.8122
215.0788	215.0788	3070.445
215.0855	215.0855	43478.9486
216.0331	216.0331	3104.2924
216.0355	216.0355	46580.5977
216.0607	216.0607	4797.3894
216.0682	216.0682	7552.2349
216.0719	216.0719	40299.9563
216.0807	216.0807	81183.6975
216.0889	216.0889	1761.3537
216.9066	216.9066	89644.7865
216.9161	216.9161	26667.2723
217.0171	217.0171	27395.5677
217.0195	217.0195	31753.8623
217.0559	217.0559	17251.4592
217.0648	217.0648	1285.4859
217.0759	217.0759	3780.0331
217.0841	217.0841	3005.6782
217.0886	217.0886	95474.8371
217.0923	217.0923	7093.9767
217.0947	217.0947	13741.1137
218.0838	218.0838	8188.5948
218.0875	218.0875	17620.445
218.0900	218.0900	14592.0331
218.0920	218.0920	4908.3458
218.0964	218.0964	33080.4053
219.0505	219.0505	2216.1062
219.0716	219.0716	4119.9553
219.0740	219.0740	3560.5915
219.0804	219.0804	4082.3193
219.0916	219.0916	25152.4652
219.1041	219.1041	1949.4221
219.1104	219.1104	64034.2839
220.0069	220.0069	2082.0593
220.0344	220.0344	23702.9138
220.0692	220.0692	42426.0365
220.0756	220.0756	16693.2685
220.0868	220.0868	1167.3949
220.1056	220.1056	47690.0532
220.1120	220.1120	2596.0726
220.8966	220.8966	1195.2773
220.9909	220.9909	6725.5424
221.0661	221.0661	3383.2587
221.0708	221.0708	1728.249
221.0896	221.0896	4130.4356
221.1072	221.1072	2584.6622
221.1260	221.1260	5479.6527
222.0501	222.0501	10228.9719
222.0849	222.0849	33799.0752
222.1213	222.1213	81131.8713
222.1577	222.1577	1073.0386
222.9109	222.9109	6446.7294
222.9205	222.9205	6524.1479
223.0065	223.0065	16318.3838
223.0689	223.0689	2006.8673
223.0802	223.0802	3819.5266
223.0817	223.0817	5650.3313
223.1054	223.1054	1840.3172
223.9907	223.9907	1579.2413
224.0018	224.0018	3358.111
224.0269	224.0269	1787.908
224.0405	224.0405	3111.2066
224.0620	224.0620	19407.947
224.0641	224.0641	3623.9523
224.0681	224.0681	1506.9345
224.0770	224.0770	1107.7841
224.1006	224.1006	2504.3817
224.1369	224.1369	5517.4963
224.8967	224.8967	10659.158
224.9858	224.9858	23085.6817
225.0222	225.0222	11980.2183
225.0246	225.0246	25949.0327
225.0428	225.0428	7061.5953
225.0610	225.0610	56687.9358
225.0845	225.0845	2598.6787
225.0957	225.0957	2613.0644
226.0062	226.0062	8580.5604
226.0199	226.0199	1122.8035
226.0450	226.0450	122258.8999
226.0562	226.0562	11684.2609
226.0650	226.0650	2330.1126
226.0776	226.0776	56041.2726
226.0797	226.0797	8373.5521
226.0926	226.0926	1117.3273
227.0221	227.0221	91360.0841
227.0378	227.0378	18007.2455
227.0402	227.0402	60714.046
227.0483	227.0483	2236.7515
227.0729	227.0729	17564.6217
227.0766	227.0766	43964.1603
227.0810	227.0810	3518.5045
227.0855	227.0855	3493.4963
227.1129	227.1129	1521.8935
228.0217	228.0217	13360.4886
228.0355	228.0355	17065.8449
228.0606	228.0606	6381.7516
228.0719	228.0719	16494.3401
228.0807	228.0807	57791.5065
228.2686	228.2686	3955.6181
229.0014	229.0014	7914.4009
229.0171	229.0171	2503.1906
229.0190	229.0190	3587.8185
229.0559	229.0559	5180.3729
229.0760	229.0760	15227.3898
229.0841	229.0841	3258.9637
229.0886	229.0886	4011.3947
229.0923	229.0923	38928.7124
229.0949	229.0949	2970.7011
229.9082	229.9082	6625.2077
230.0512	230.0512	40294.9
230.0764	230.0764	9077.7269
230.0838	230.0838	4107.1948
230.0876	230.0876	178433.8963
230.0900	230.0900	4660.4237
230.0964	230.0964	40932.1959
230.9094	230.9094	20688.9116
231.0328	231.0328	19577.958
231.0352	231.0352	10869.32
231.0716	231.0716	19920.8892
231.0740	231.0740	3329.1189
231.0851	231.0851	2979.4786
231.0914	231.0914	12016.9878
231.1042	231.1042	1901.9593
231.1104	231.1104	16876.9507
232.0692	232.0692	4371.2904
232.0754	232.0754	1497.9199
232.0995	232.0995	3236.8755
232.1032	232.1032	139002.9034
232.1056	232.1056	19075.7503
232.1121	232.1121	1177.3818
233.0872	233.0872	156275.5215
233.0896	233.0896	36693.8235
233.1008	233.1008	1934.0881
233.1070	233.1070	4052.1467
233.1260	233.1260	65243.7641
234.0460	234.0460	2303.9933
234.0501	234.0501	4125.9231
234.0849	234.0849	86822.4292
234.0909	234.0909	4904.1569
234.1212	234.1212	47007.6865
234.1293	234.1293	1429.847
234.9170	234.9170	1122.735
235.0065	235.0065	12007.4138
235.0431	235.0431	1281.3066
235.0453	235.0453	5197.6546
235.0542	235.0542	1484.8195
235.0690	235.0690	7395.8484
235.0801	235.0801	6418.6422
235.0883	235.0883	1676.2041
235.1053	235.1053	6431.1867
235.1417	235.1417	1298.462
235.9906	235.9906	3479.9193
236.0018	236.0018	3842.463
236.0294	236.0294	18962.8703
236.0405	236.0405	2455.0021
236.0552	236.0552	33326.9108
236.0657	236.0657	2991.5166
236.1005	236.1005	26527.2593
236.1369	236.1369	82993.1508
237.0221	237.0221	4408.7529
237.0516	237.0516	181899.0556
237.0610	237.0610	29319.3866
237.0698	237.0698	16682.059
237.0957	237.0957	37198.2461
237.1209	237.1209	15045.4872
238.0174	238.0174	6861.8289
238.0562	238.0562	4444.6481
238.0649	238.0649	4663.7561
238.0797	238.0797	5745.3759
238.1161	238.1161	1692.9555
238.8885	238.8885	107252.1137
238.8980	238.8980	23998.2177
239.0014	239.0014	22518.5182
239.0038	239.0038	2629.5881
239.0378	239.0378	13184.8713
239.0402	239.0402	9328.7863
239.0728	239.0728	1163.9849
239.0766	239.0766	25564.1605
239.0854	239.0854	31039.8008
240.0219	240.0219	1850.6219
240.0355	240.0355	2689.289
240.0718	240.0718	8356.3531
240.0807	240.0807	32536.2613
240.0956	240.0956	1601.7944
240.2321	240.2321	1558.9562
240.2685	240.2685	28354.5334
240.9182	240.9182	15617.5622
241.0171	241.0171	1270.5287
241.0535	241.0535	21141.3919
241.0559	241.0559	28376.0037
241.0759	241.0759	2128.2123
241.0841	241.0841	1625.4714
241.0885	241.0885	49185.37
241.0922	241.0922	34195.226
241.0946	241.0946	3346.9174
241.1157	241.1157	1193.1915
241.1335	241.1335	1002.2267
241.2719	241.2719	1471.0017
242.0511	242.0511	25273.0898
242.0837	242.0837	13409.8639
242.0875	242.0875	14252.1254
242.0918	242.0918	1853.9772
242.0963	242.0963	14095.2561
242.2841	242.2841	30157.0739
243.0328	243.0328	3468.7003
243.0351	243.0351	1325.5195
243.0716	243.0716	24051.7769
243.0916	243.0916	14805.3361
243.1042	243.1042	1961.684
243.1079	243.1079	14706.9014
243.1105	243.1105	1814.6541
243.2874	243.2874	1064.2063
244.0668	244.0668	25081.5396
244.0756	244.0756	1759.7295
244.0919	244.0919	8809.707
244.1032	244.1032	32028.6906
244.1055	244.1055	5580.6533
244.1119	244.1119	5301.986
244.9054	244.9054	28108.1703
245.0508	245.0508	10853.6098
245.0619	245.0619	1324.0131
245.0872	245.0872	13307.0566
245.0895	245.0895	2134.7564
245.1072	245.1072	4698.2679
245.1261	245.1261	4384.4924
246.0461	246.0461	4734.444
246.0501	246.0501	2208.9192
246.0848	246.0848	9603.7784
246.0911	246.0911	1810.1053
246.1189	246.1189	53968.7697
246.1213	246.1213	24641.8333
246.8786	246.8786	104238.6546
246.9404	246.9404	3569.1596
247.0119	247.0119	2820.5462
247.0453	247.0453	2634.8179
247.0777	247.0777	1396.5265
247.0801	247.0801	1407.0291
247.1028	247.1028	24529.0444
247.1053	247.1053	13090.8111
247.1164	247.1164	1376.466
247.1416	247.1416	18190.1516
248.0269	248.0269	49932.5696
248.0294	248.0294	2001.9858
248.0618	248.0618	20497.8964
248.0641	248.0641	11613.0695
248.0769	248.0769	13660.3565
248.1005	248.1005	129240.0456
248.1369	248.1369	39567.6306
248.9040	248.9040	1955.8571
248.9911	248.9911	3131.313
249.0222	249.0222	3641.8869
249.0609	249.0609	51562.8112
249.0957	249.0957	8960.9223
249.1209	249.1209	15975.944
250.0174	250.0174	6766.5119
250.0428	250.0428	1576.116
250.0776	250.0776	13987.0095
250.0797	250.0797	13954.3713
250.1161	250.1161	73061.3978
250.1272	250.1272	1483.526
250.1525	250.1525	87209.5157
250.9706	250.9706	1334.0422
251.0014	251.0014	2605.2539
251.0378	251.0378	2299.0089
251.0400	251.0400	1090.4951
251.0728	251.0728	3709.0591
251.0766	251.0766	5326.5486
251.1114	251.1114	37611.5029
251.1195	251.1195	1007.8804
251.1556	251.1556	2666.3268
252.0331	252.0331	3388.853
252.0354	252.0354	1907.8873
252.0695	252.0695	2444.4753
252.0718	252.0718	2951.8807
252.0807	252.0807	5104.9644
252.0932	252.0932	7975.1448
252.0954	252.0954	4486.3085
252.1317	252.1317	4262.4192
252.1681	252.1681	1302.5615
252.9497	252.9497	20560.8167
253.0171	253.0171	36461.6392
253.0535	253.0535	14280.2985
253.0559	253.0559	15331.4039
253.0670	253.0670	3500.2961
253.0757	253.0757	1339.2112
253.0794	253.0794	1521.5387
253.0885	253.0885	3280.1053
253.0924	253.0924	4888.181
253.0948	253.0948	2745.2559
253.1522	253.1522	1443.583
253.1658	253.1658	21597.4027
254.0010	254.0010	4026.3225
254.0511	254.0511	8158.9644
254.0875	254.0875	9613.6483
254.0963	254.0963	28685.4525
254.1110	254.1110	1290.3379
255.0326	255.0326	1841.8354
255.0691	255.0691	7800.7351
255.0715	255.0715	37598.9201
255.0916	255.0916	13730.617
255.0996	255.0996	1964.7929
255.1079	255.1079	11268.9628
255.1104	255.1104	1722.331
255.2317	255.2317	1395.2715
256.0280	256.0280	13263.8464
256.0303	256.0303	21722.4761
256.0555	256.0555	1275.1131
256.0667	256.0667	64966.6322
256.0994	256.0994	4705.7332
256.1031	256.1031	10264.2739
256.1055	256.1055	2848.6648
256.1119	256.1119	2017.3362
256.2633	256.2633	3879.2922
256.2996	256.2996	1709.1531
257.0120	257.0120	5981.8547
257.0507	257.0507	2981.1688
257.0644	257.0644	2187.2202
257.0871	257.0871	5904.5554
257.0896	257.0896	2297.8295
257.1072	257.1072	4078.9715
257.1235	257.1235	3075.4786
258.0825	258.0825	20790.5034
258.0850	258.0850	1319.0479
258.1189	258.1189	79889.1395
259.0641	259.0641	1811.4776
259.0664	259.0664	30254.5643
259.1028	259.1028	7924.6148
259.1226	259.1226	2894.2543
259.1417	259.1417	24717.0653
260.0618	260.0618	3965.6988
260.0641	260.0641	1618.0003
260.1005	260.1005	43108.7707
260.1369	260.1369	22746.5958
261.0609	261.0609	1797.7179
261.0697	261.0697	2824.684
261.0845	261.0845	1430.0432
261.0957	261.0957	4858.689
261.1186	261.1186	3170.4989
261.1210	261.1210	1984.029
261.1573	261.1573	4209.3855
262.0798	262.0798	12286.9355
262.1161	262.1161	66252.3537
262.1525	262.1525	150145.5966
262.9001	262.9001	1089.2592
263.0482	263.0482	2238.9511
263.0750	263.0750	3198.5011
263.0854	263.0854	7948.4555
263.1002	263.1002	3401.2399
263.1114	263.1114	20934.4717
263.1195	263.1195	2818.7743
263.1366	263.1366	1452.0609
263.1478	263.1478	1034.6103
263.1559	263.1559	3901.5541
263.1732	263.1732	1208.2047
264.0607	264.0607	1822.9757
264.0718	264.0718	1857.915
264.0807	264.0807	4907.3645
264.0954	264.0954	16646.0721
264.1318	264.1318	45398.3595
264.1682	264.1682	17429.6796
264.8892	264.8892	16779.3034
264.9630	264.9630	1579.148
264.9783	264.9783	13452.4372
265.0169	265.0169	1114.0606
265.0535	265.0535	4560.9263
265.0559	265.0559	7195.8799
265.0885	265.0885	4501.9246
265.0907	265.0907	20406.3185
265.1270	265.1270	32778.7085
265.1352	265.1352	1324.1145
266.0746	266.0746	2866.9804
266.0875	266.0875	8556.8914
266.0964	266.0964	3448.5368
266.1110	266.1110	4452.277
266.1475	266.1475	11633.5548
266.8687	266.8687	13985.2722
266.9145	266.9145	7106.7505
266.9990	266.9990	8918.8427
267.0327	267.0327	7746.0971
267.0693	267.0693	2219.7764
267.0715	267.0715	30019.2008
267.0915	267.0915	2891.0536
267.1102	267.1102	3487.2918
267.1427	267.1427	18583.837
267.1539	267.1539	5619.4008
267.1679	267.1679	2646.0112
268.0168	268.0168	1047.4205
268.0667	268.0667	2009.6943
268.1031	268.1031	6783.9764
268.1267	268.1267	13009.985
268.2633	268.2633	10256.8832
268.9782	268.9782	3641.8936
269.0872	269.0872	27527.5321
269.1071	269.1071	4847.7458
270.0437	270.0437	7398.8727
270.0460	270.0460	10130.5463
270.0824	270.0824	26308.9003
270.1188	270.1188	4884.6563
270.1211	270.1211	3995.4488
270.1922	270.1922	1310.6955
270.3154	270.3154	5258.8573
271.0277	271.0277	10249.1151
271.0665	271.0665	4370.8418
271.1052	271.1052	2702.7044
272.0981	272.0981	52570.8466
272.1005	272.1005	9908.982
272.1344	272.1344	47465.9389
272.1368	272.1368	4452.3801
273.0571	273.0571	1996.014
273.0797	273.0797	41145.5672
273.0820	273.0820	65019.1407
273.0933	273.0933	3469.9476
273.0956	273.0956	1691.7723
273.1185	273.1185	4941.4517
273.1318	273.1318	1413.857
273.1573	273.1573	1161.4359
274.0409	274.0409	4253.9727
274.0774	274.0774	16133.06
274.1161	274.1161	35764.3908
274.1501	274.1501	7399.9504
274.1524	274.1524	12685.1132
274.2738	274.2738	7170.6631
275.1003	275.1003	1549.0486
275.1112	275.1112	6989.7062
275.1341	275.1341	22120.5891
275.1477	275.1477	6677.3314
275.2773	275.2773	1551.3907
276.0332	276.0332	1941.1961
276.0931	276.0931	15065.7862
276.0954	276.0954	10296.8406
276.1318	276.1318	88722.1491
276.1682	276.1682	24379.4796
277.0906	277.0906	16342.073
277.1271	277.1271	56396.7699
277.1351	277.1351	1868.9233
278.0123	278.0123	6012.7535
278.0489	278.0489	2024.9045
278.0763	278.0763	4883.1945
278.0899	278.0899	2012.2444
278.0964	278.0964	2925.5437
278.1111	278.1111	12746.5658
278.1475	278.1475	42585.0897
278.1838	278.1838	46879.8742
278.9940	278.9940	3837.12
279.0328	279.0328	1258.9625
279.0464	279.0464	2719.6599
279.0716	279.0716	2330.0991
279.0915	279.0915	1186.7965
279.1063	279.1063	12410.743
279.1427	279.1427	59560.2747
279.1790	279.1790	4843.8455
280.0644	280.0644	2472.0311
280.0901	280.0901	2347.6063
280.1267	280.1267	5995.6317
280.8989	280.8989	1286.0667
280.9108	280.9108	68144.3766
281.0484	281.0484	3343.5473
281.0874	281.0874	3101.2307
281.1219	281.1219	6329.824
281.1584	281.1584	12683.1526
282.0824	282.0824	36191.5097
282.1058	282.1058	2165.7834
282.1189	282.1189	1791.2432
282.1214	282.1214	1599.6151
282.1423	282.1423	4278.0774
282.2790	282.2790	8460.2404
282.8903	282.8903	6892.1051
283.0303	283.0303	3945.1183
283.0664	283.0664	28866.4364
283.1008	283.1008	1275.4116
283.1053	283.1053	4056.285
283.2631	283.2631	53893.3223
284.0617	284.0617	6386.336
284.0981	284.0981	28035.7409
284.1344	284.1344	4959.0193
284.1368	284.1368	7365.1043
284.2664	284.2664	3153.4986
284.2947	284.2947	3343.7933
284.3310	284.3310	117030.4563
284.9253	284.9253	3840.985
285.0821	285.0821	2257.5052
285.1297	285.1297	4556.3285
285.3344	285.3344	14216.6405
286.0774	286.0774	2859.1596
286.1137	286.1137	21494.011
286.1161	286.1161	11423.4426
286.1503	286.1503	16439.9909
286.9160	286.9160	22959.9554
287.0726	287.0726	4087.3259
287.0852	287.0852	1277.8795
287.0978	287.0978	26638.2057
287.1090	287.1090	5583.8084
287.1113	287.1113	2570.6151
288.0566	288.0566	8496.1815
288.0930	288.0930	9903.0046
288.1318	288.1318	22551.1897
288.1657	288.1657	6141.9983
288.2029	288.2029	3119.0696
288.8601	288.8601	63705.1719
289.1012	289.1012	2082.583
289.1246	289.1246	9861.7513
289.1270	289.1270	24962.3119
289.1358	289.1358	9912.0732
289.1497	289.1497	48016.8621
289.1609	289.1609	7195.3617
290.1086	290.1086	94773.224
290.1111	290.1111	9886.5975
290.1474	290.1474	104665.3694
290.1838	290.1838	15961.3124
290.8568	290.8568	3293.7605
290.8662	290.8662	2674.319
290.8779	290.8779	2795.2676
291.0716	291.0716	3220.1872
291.1062	291.1062	23996.6893
291.1426	291.1426	74878.9374
291.1507	291.1507	3429.9843
292.0279	292.0279	4417.7668
292.0902	292.0902	1178.9398
292.1267	292.1267	18574.1959
292.1460	292.1460	1654.695
292.1631	292.1631	47882.4226
292.1743	292.1743	7147.3382
292.1994	292.1994	2841.972
293.0486	293.0486	1641.1833
293.0872	293.0872	2692.1617
293.1219	293.1219	26192.3327
293.1583	293.1583	61845.9832
294.0434	294.0434	2119.831
294.0801	294.0801	3121.3552
294.0826	294.0826	2183.8423
294.1058	294.1058	3124.7968
294.1423	294.1423	6947.4699
294.9059	294.9059	1681.2886
295.0641	295.0641	12230.9993
295.1164	295.1164	19318.235
295.1375	295.1375	3651.5052
295.1417	295.1417	6913.3556
295.3107	295.3107	53936.1027
296.0229	296.0229	10417.8126
296.0593	296.0593	3658.1989
296.0618	296.0618	1546.7374
296.0980	296.0980	6747.2884
296.1349	296.1349	1823.3643
296.2947	296.2947	3768.2286
296.3140	296.3140	4938.6925
296.3309	296.3309	2517.5041
296.9443	296.9443	1697.0066
297.0433	297.0433	6577.2922
297.0820	297.0820	7564.6017
297.0932	297.0932	1220.1105
298.0774	298.0774	6207.4992
298.1137	298.1137	10319.9151
298.1162	298.1162	3795.9756
298.1526	298.1526	1514.3452
298.3468	298.3468	12220.2897
299.0590	299.0590	3552.9263
299.0726	299.0726	4032.8512
299.1089	299.1089	1869.9554
300.0931	300.0931	9348.7412
300.1066	300.1066	2739.6419
300.1294	300.1294	9492.7456
300.1318	300.1318	10549.2387
300.1659	300.1659	4890.4175
300.1683	300.1683	2108.5499
300.8347	300.8347	8231.3546
300.8850	300.8850	87304.4069
301.0630	301.0630	78854.8676
301.0883	301.0883	2884.7417
301.1134	301.1134	5534.4895
301.1271	301.1271	9439.8978
301.8845	301.8845	2437.3425
302.0876	302.0876	1445.8326
302.1086	302.1086	9747.1718
302.1111	302.1111	4862.6398
302.1474	302.1474	33657.4505
302.1708	302.1708	1926.1723
302.1813	302.1813	1388.1995
302.3051	302.3051	6052.8102
302.8677	302.8677	3097.9653
302.8927	302.8927	19143.5411
303.1062	303.1062	14110.5102
303.1403	303.1403	7047.4145
303.1427	303.1427	20743.2314
304.1243	304.1243	28696.9225
304.1268	304.1268	10861.2005
304.1631	304.1631	82267.4388
304.2998	304.2998	319556.4951
304.8722	304.8722	11881.0725
304.8817	304.8817	3473.809
305.0831	305.0831	2464.7615
305.1219	305.1219	58701.9991
305.1583	305.1583	36963.2734
305.1664	305.1664	1988.2516
305.3031	305.3031	59330.9731
306.0824	306.0824	1670.7714
306.1059	306.1059	3737.9812
306.1189	306.1189	5800.3062
306.1255	306.1255	1048.7255
306.1423	306.1423	18241.5346
306.1660	306.1660	1157.9183
306.1787	306.1787	18597.6183
306.2150	306.2150	1358.3442
306.3065	306.3065	2331.1632
306.8517	306.8517	6672956.805
306.8609	306.8609	87693.8041
306.8707	306.8707	1316.7227
306.9069	306.9069	2154.4075
307.1375	307.1375	38293.3035
307.1739	307.1739	51994.6178
307.8510	307.8510	83684.6747
307.8558	307.8558	3502.6715
308.0981	308.0981	3407.5846
308.1215	308.1215	18360.9883
308.1370	308.1370	2159.7766
308.1579	308.1579	73837.2429
308.2947	308.2947	2470.9985
308.8474	308.8474	503155.007
308.8558	308.8558	83110.0511
309.0795	309.0795	2934.0526
309.1184	309.1184	22705.8211
309.1531	309.1531	8876.5186
309.1572	309.1572	5939.0781
309.1898	309.1898	1598.3693
309.2788	309.2788	2167.1535
310.0385	310.0385	6485.9212
310.0773	310.0773	14182.9952
310.1160	310.1160	5042.9557
310.1373	310.1373	2171.4541
310.1524	310.1524	13366.856
310.1735	310.1735	2016.8214
310.8432	310.8432	1474.8251
311.1364	311.1364	2103.6279
311.2943	311.2943	36826.2614
312.0930	312.0930	9198.6894
312.1294	312.1294	17956.9036
312.1529	312.1529	1220.554
312.1682	312.1682	6324.5135
312.2976	312.2976	2219.4489
312.3623	312.3623	15395.516
313.0745	313.0745	46120.0176
313.0880	313.0880	2003.7865
313.1244	313.1244	1791.5311
314.1085	314.1085	8304.436
314.1110	314.1110	1769.0216
314.1450	314.1450	4657.2343
314.1475	314.1475	2749.5812
315.1036	315.1036	8515.7423
315.1401	315.1401	9452.2232
315.1427	315.1427	13970.6434
316.0878	316.0878	3092.4161
316.1243	316.1243	15327.9903
316.1268	316.1268	8391.384
316.1631	316.1631	85264.6944
316.8658	316.8658	12120.0801
317.1220	317.1220	21969.6855
317.1583	317.1583	23338.2546
317.1665	317.1665	3120.7896
318.1060	318.1060	2144.1873
318.1423	318.1423	9667.1686
318.1787	318.1787	45243.2036
318.8453	318.8453	202347.2997
319.1376	319.1376	79004.4788
319.1740	319.1740	56172.9295
320.1190	320.1190	3527.5632
320.1216	320.1216	1794.6379
320.1329	320.1329	9710.9143
320.1409	320.1409	1981.545
320.1580	320.1580	30873.4479
320.1774	320.1774	1476.2448
320.1943	320.1943	6466.4626
320.2946	320.2946	1753.3878
320.8411	320.8411	5226.0979
320.9033	320.9033	11021.9148
321.1169	321.1169	7610.7732
321.1533	321.1533	52492.5219
321.1896	321.1896	78694.8525
321.3263	321.3263	32544.8481
322.0774	322.0774	1397.9382
322.1485	322.1485	5221.3021
322.1736	322.1736	2687.7803
322.1930	322.1930	1752.599
322.3296	322.3296	2454.276
322.8256	322.8256	81256.5978
322.8669	322.8669	56257.0856
322.8826	322.8826	11694.6248
322.8879	322.8879	1978.8393
323.0588	323.0588	2952.1808
323.1114	323.1114	1538.6447
323.1340	323.1340	8197.4858
323.1689	323.1689	26362.7123
323.2052	323.2052	20293.0849
323.3419	323.3419	1466.931
324.0543	324.0543	1044.362
324.0930	324.0930	5445.504
324.1293	324.1293	5301.1216
324.1319	324.1319	4491.1629
324.1529	324.1529	3895.484
324.1642	324.1642	10321.0571
324.1893	324.1893	30097.774
324.3260	324.3260	54786.3
324.3623	324.3623	2227.7706
324.8497	324.8497	7994.6115
324.8560	324.8560	15874.3422
324.8592	324.8592	32744.4036
324.8624	324.8624	5195.8136
324.9177	324.9177	18936.8981
325.1132	325.1132	6255.9394
325.1481	325.1481	13115.942
325.1845	325.1845	71773.9215
325.1926	325.1926	1873.6658
325.3292	325.3292	6474.7291
325.9267	325.9267	2586.4407
326.1086	326.1086	3527.3798
326.1112	326.1112	1050.8023
326.1448	326.1448	4932.638
326.1475	326.1475	19742.9924
326.1879	326.1879	2244.8488
326.3780	326.3780	384420.9861
326.9222	326.9222	1542.2832
327.0902	327.0902	2910.1465
327.1039	327.1039	5304.8937
327.3814	327.3814	76856.5174
328.0491	328.0491	2327.0572
328.1242	328.1242	21662.3152
328.1631	328.1631	12343.4912
328.3844	328.3844	1122.7763
328.8431	328.8431	489427.3005
329.1195	329.1195	21024.162
329.1222	329.1222	3494.7664
329.1584	329.1584	7758.3752
330.1011	330.1011	4072.5769
330.1036	330.1036	4843.201
330.1399	330.1399	117257.9694
330.1787	330.1787	16801.3668
330.8390	330.8390	4769.9805
331.1011	331.1011	3821.1543
331.1376	331.1376	29406.2635
331.1433	331.1433	5298.8491
331.1738	331.1738	15750.9222
332.1329	332.1329	3543.4975
332.1556	332.1556	7683.9185
332.1944	332.1944	44460.7726
332.3310	332.3310	52122.1647
333.1532	333.1532	112787.8907
333.1896	333.1896	67588.0446
333.1980	333.1980	1215.2445
333.3343	333.3343	5751.0171
334.1128	334.1128	4051.2897
334.1485	334.1485	15797.2125
334.1524	334.1524	1725.1797
334.1566	334.1566	2416.8196
334.1736	334.1736	11031.2445
334.1929	334.1929	2413.2565
335.1325	335.1325	12469.552
335.1688	335.1688	50046.4607
335.2052	335.2052	91730.2636
335.3032	335.3032	2739.8308
336.0883	336.0883	5011.5525
336.1281	336.1281	3170.7763
336.1529	336.1529	3065.8755
336.1641	336.1641	40372.6746
336.1724	336.1724	1180.6978
336.1892	336.1892	9111.4709
336.2086	336.2086	4142.702
336.8559	336.8559	6326.0734
337.0848	337.0848	25107.163
337.1244	337.1244	1218.2686
337.1481	337.1481	13947.8561
337.1846	337.1846	11517.3075
337.2209	337.2209	2624.0292
337.9270	337.9270	1661.5142
338.1448	338.1448	9691.9257
338.1475	338.1475	6553.7448
338.1686	338.1686	1320.9102
338.1797	338.1797	2158.0977
338.1837	338.1837	9766.9211
338.9217	338.9217	2228.5521
339.1289	339.1289	2918.1614
339.1638	339.1638	7881.1592
340.0880	340.0880	1128.9963
340.1267	340.1267	4363.459
340.1631	340.1631	8410.1215
340.3572	340.3572	3884.5528
340.3936	340.3936	6655.7532
340.8272	340.8272	72506.4543
340.8367	340.8367	111116.6178
340.9378	340.9378	1281.4781
341.1193	341.1193	1807.941
341.1446	341.1446	1349.148
341.1584	341.1584	3129.379
341.9218	341.9218	25371.8314
342.1787	342.1787	7318.5565
342.3730	342.3730	6275.1287
343.1351	343.1351	9341.928
343.1714	343.1714	6097.6838
343.1740	343.1740	6256.7566
344.1330	344.1330	1001.4869
344.1692	344.1692	1018.0729
344.1944	344.1944	1699.5425
345.0932	345.0932	4178.2163
345.1532	345.1532	32800.9771
345.1871	345.1871	8262.1368
345.1897	345.1897	21499.0236
346.1485	346.1485	7410.4936
346.1712	346.1712	73074.9975
346.2100	346.2100	9735.7358
346.8442	346.8442	9766.5888
346.8537	346.8537	60284.5422
347.1301	347.1301	81168.4655
347.1436	347.1436	8965.9078
347.1688	347.1688	84320.3798
347.1746	347.1746	1823.7763
347.2052	347.2052	26959.649
348.1277	348.1277	11641.1296
348.1334	348.1334	3513.7109
348.1529	348.1529	2872.3645
348.1642	348.1642	30222.6159
348.1681	348.1681	10875.9915
348.1722	348.1722	2927.4302
348.1896	348.1896	2098.2446
349.1115	349.1115	2828.1822
349.1482	349.1482	19329.0002
349.1845	349.1845	35232.2438
349.2209	349.2209	32001.8164
350.0332	350.0332	1030.6861
350.0697	350.0697	2593.1336
350.1436	350.1436	6749.9969
350.1687	350.1687	1260.0954
350.1798	350.1798	25058.6989
350.2161	350.2161	1904.099
350.9140	350.9140	1362.3558
351.1426	351.1426	1851.4903
351.1637	351.1637	18116.5477
351.2002	351.2002	2957.0656
352.0855	352.0855	1121.6432
352.1632	352.1632	6943.0693
352.2205	352.2205	2176.1148
353.0833	353.0833	1128.0855
353.1194	353.1194	1308.6759
353.1582	353.1582	5494.8063
353.1794	353.1794	2593.696
354.1424	354.1424	8438.8251
354.1789	354.1789	4141.3836
354.2000	354.2000	2072.8871
354.2150	354.2150	6927.1509
354.9533	354.9533	1296.9132
355.0988	355.0988	1286.7701
355.1351	355.1351	3113.2562
355.1740	355.1740	11720.9951
355.9374	355.9374	23966.0291
356.2029	356.2029	1295.8047
356.3518	356.3518	2055.5056
357.1468	357.1468	6261.353
357.1532	357.1532	3160.0018
357.1895	357.1895	9361.2025
358.1349	358.1349	4351.6643
358.1734	358.1734	5609.0756
358.2101	358.2101	3133.5164
359.1688	359.1688	34681.3623
359.2053	359.2053	8444.585
360.1278	360.1278	2475.7607
360.1529	360.1529	1206.9221
360.1642	360.1642	13743.8415
360.1894	360.1894	1376.989
360.2256	360.2256	5352.9765
360.8517	360.8517	19565.0439
361.1456	361.1456	34058.3594
361.1486	361.1486	6899.5409
361.1845	361.1845	84296.4663
361.2207	361.2207	8820.5341
362.1321	362.1321	3455.051
362.1435	362.1435	20362.6794
362.1685	362.1685	6369.6291
362.1798	362.1798	29831.8125
362.1878	362.1878	3946.0897
362.8594	362.8594	40510.3198
363.1040	363.1040	1759.6936
363.1426	363.1426	1287.5962
363.1466	363.1466	1183.9753
363.1637	363.1637	17833.7354
363.1834	363.1834	1148.8662
363.2001	363.2001	48753.0346
363.2365	363.2365	6928.4789
364.1590	364.1590	13914.3506
364.1702	364.1702	6709.5967
364.1954	364.1954	32892.157
364.8389	364.8389	13770.0517
364.8483	364.8483	2166.8663
364.8517	364.8517	1397.3006
365.1430	365.1430	2743.2347
365.1584	365.1584	1776.0603
365.1794	365.1794	14120.9274
365.8775	365.8775	1000.4927
366.1011	366.1011	5651.7282
366.1398	366.1398	5701.7747
366.1748	366.1748	7455.1739
366.1787	366.1787	12492.5274
366.2112	366.2112	3173.3358
366.8184	366.8184	1665.0467
366.8739	366.8739	15902.7274
367.0963	367.0963	1034.3044
367.1377	367.1377	8965.5239
367.1740	367.1740	5962.7104
367.1952	367.1952	2017.6497
368.1580	368.1580	9172.6037
368.1943	368.1943	14201.6677
368.4249	368.4249	52635.1031
369.1256	369.1256	38388.1655
369.1506	369.1506	15788.0624
369.1743	369.1743	15327.3999
369.1896	369.1896	13036.7241
369.3837	369.3837	11347.4526
369.4282	369.4282	6652.073
370.0959	370.0959	4317.941
370.1324	370.1324	6034.5962
370.1487	370.1487	1080.1195
370.1737	370.1737	5132.8549
371.1624	371.1624	11613.8557
371.1690	371.1690	9885.2878
371.2053	371.2053	2617.7661
372.8404	372.8404	3516.8497
373.1482	373.1482	5171.5238
373.1845	373.1845	36558.6306
373.2210	373.2210	4106.2227
374.1434	374.1434	10166.1917
374.1798	374.1798	10284.3322
374.2027	374.2027	2461.5088
375.1312	375.1312	1786.2104
375.1638	375.1638	8739.3915
375.2002	375.2002	46296.5586
375.2365	375.2365	30556.5189
376.1203	376.1203	3564.8465
376.1590	376.1590	42329.5217
376.1954	376.1954	46360.7335
377.1196	377.1196	2618.7639
377.1434	377.1434	1742.5463
377.1585	377.1585	10691.0733
377.1794	377.1794	20093.9928
377.1947	377.1947	4806.2248
377.2158	377.2158	47689.889
377.2523	377.2523	3989.5568
378.1394	378.1394	2998.4459
378.1747	378.1747	40491.8084
378.2110	378.2110	42265.6261
378.2188	378.2188	1794.267
379.1586	379.1586	5917.5213
379.1700	379.1700	1334.1702
379.1740	379.1740	3996.4837
379.1951	379.1951	60999.4271
379.2102	379.2102	1446.9963
379.2142	379.2142	2046.3437
379.2315	379.2315	1453.5154
380.1557	380.1557	10003.6391
380.1905	380.1905	7040.9628
380.1944	380.1944	14394.4294
380.1984	380.1984	3812.8772
380.2268	380.2268	26405.0675
380.2519	380.2519	2124.6437
380.8197	380.8197	9947.9001
380.9324	380.9324	1011.9754
381.1533	381.1533	6329.6677
381.1896	381.1896	6509.8914
381.1970	381.1970	9850.7013
381.2107	381.2107	30979.1606
382.1346	382.1346	2705.8287
382.1697	382.1697	7428.4084
382.1735	382.1735	4693.4425
382.2058	382.2058	1861.5603
383.1323	383.1323	1539.1395
383.1536	383.1536	1577.2688
383.1690	383.1690	12813.7372
383.2052	383.2052	22393.0017
384.1504	384.1504	5759.1349
384.1641	384.1641	2692.8614
384.1892	384.1892	26086.1327
384.2256	384.2256	1244.3002
385.1782	385.1782	9888.8759
385.1845	385.1845	29369.1483
385.2921	385.2921	3024.1697
386.1521	386.1521	22983.5242
387.1248	387.1248	1114.0821
387.1615	387.1615	20928.3163
387.2002	387.2002	28355.831
388.1593	388.1593	6717.2958
388.1839	388.1839	2203.7407
388.1954	388.1954	9770.1767
388.8713	388.8713	1100.31
389.1794	389.1794	9332.1384
389.2158	389.2158	55733.9564
389.2512	389.2512	1092.962
390.1747	390.1747	40286.3553
390.2110	390.2110	63227.885
391.1334	391.1334	1184.7676
391.1562	391.1562	7722.5028
391.1699	391.1699	4346.771
391.1739	391.1739	16869.5817
391.1950	391.1950	25417.6446
391.2144	391.2144	2477.2695
391.2315	391.2315	12334.6739
391.2678	391.2678	6013.0495
392.1541	392.1541	3414.0963
392.1587	392.1587	1454.1777
392.1903	392.1903	23515.0719
392.2267	392.2267	33206.4758
392.2630	392.2630	20987.5332
393.1743	393.1743	1408.5342
393.1856	393.1856	5263.7129
393.1896	393.1896	13137.7566
393.2101	393.2101	1207.0448
393.3084	393.3084	2616.908
394.1697	394.1697	2602.7021
394.1849	394.1849	11049.1957
394.2063	394.2063	2841.5287
394.2099	394.2099	3979.424
394.2424	394.2424	12308.6634
395.1688	395.1688	3559.5521
395.2051	395.2051	5142.7182
396.1501	396.1501	3134.041
396.1853	396.1853	3250.2106
396.1894	396.1894	7694.2184
396.2254	396.2254	1462.7771
397.1091	397.1091	1566.5201
397.1844	397.1844	7415.1229
397.2208	397.2208	17525.276
398.1688	398.1688	1441.6457
398.1796	398.1796	2248.2109
398.2047	398.2047	1239.7174
398.2246	398.2246	1318.9369
399.2001	399.2001	13776.6163
399.2365	399.2365	5758.6059
399.3079	399.3079	19513.5735
400.1587	400.1587	3284.9651
400.2205	400.2205	6129.2623
400.8442	400.8442	45730.5127
401.1769	401.1769	154369.0227
401.2158	401.2158	11918.2114
401.8439	401.8439	1141.3019
402.1746	402.1746	16813.5251
402.1803	402.1803	12140.2065
402.2109	402.2109	10614.8529
402.2339	402.2339	2267.5142
403.1587	403.1587	1031.2771
403.1926	403.1926	30307.8837
403.2314	403.2314	32483.3394
404.1903	404.1903	51957.9583
404.2266	404.2266	30854.8744
404.8409	404.8409	1825.5265
405.1744	405.1744	5369.462
405.1860	405.1860	3797.4404
405.1937	405.1937	2352.7126
405.2107	405.2107	13149.5338
405.2473	405.2473	1287.5122
406.1711	406.1711	94812.9674
406.2060	406.2060	26681.4657
406.2424	406.2424	38810.8546
406.8202	406.8202	4449.0439
406.9093	406.9093	1888.1147
407.1689	407.1689	7022.6966
407.1745	407.1745	6651.2275
407.1900	407.1900	11928.7861
407.2015	407.2015	2878.4233
407.2052	407.2052	4765.9662
407.2263	407.2263	37136.0692
407.2415	407.2415	1703.4816
408.1853	408.1853	8318.8161
408.2005	408.2005	5041.5558
408.2257	408.2257	5776.2292
408.7997	408.7997	1547.8954
409.1692	409.1692	1428.7472
409.1843	409.1843	8159.2382
409.2055	409.2055	2437.3534
409.2209	409.2209	4722.5013
410.1660	410.1660	12435.1313
410.1802	410.1802	1163.9574
410.2047	410.2047	2052.2422
411.1636	411.1636	7850.1015
411.2004	411.2004	6017.9364
411.2368	411.2368	2012.5495
412.1426	412.1426	1323.3062
412.1589	412.1589	4232.9244
412.2204	412.2204	1556.9389
413.1794	413.1794	17548.9512
413.2159	413.2159	37158.5752
413.3236	413.3236	16392.479
414.2110	414.2110	3886.8283
415.1709	415.1709	1602.8001
415.2314	415.2314	5882.6551
416.1538	416.1538	1210.1801
416.1903	416.1903	17513.7614
416.2267	416.2267	7945.6278
416.2350	416.2350	1359.0814
416.2616	416.2616	5540.0385
416.2863	416.2863	1520.4661
417.1499	417.1499	1780.4246
417.2106	417.2106	6686.4352
417.2470	417.2470	18253.0596
418.2059	418.2059	43191.9323
418.2422	418.2422	10484.6205
419.1534	419.1534	2551.2211
419.2014	419.2014	7748.5334
419.2094	419.2094	2517.9695
419.2260	419.2260	3898.2878
419.2625	419.2625	1436.8781
419.2988	419.2988	1393.3219
420.0751	420.0751	2281.4685
420.1853	420.1853	11483.248
420.2216	420.2216	33223.9559
420.2580	420.2580	28853.6841
421.1803	421.1803	4342.9086
421.2170	421.2170	13528.2379
421.2420	421.2420	4123.338
422.1799	422.1799	1473.9141
422.2021	422.2021	26190.9738
422.2161	422.2161	17785.3914
422.2372	422.2372	6982.3533
422.8261	422.8261	35374.1786
423.1589	423.1589	2737.9332
423.2002	423.2002	34168.1923
423.2200	423.2200	1839.2062
424.1954	424.1954	2523.3902
424.2036	424.2036	1722.4557
424.2167	424.2167	1657.3493
425.1794	425.1794	5907.6959
425.2006	425.2006	6990.7693
425.2156	425.2156	8294.6015
425.2521	425.2521	13030.703
426.1448	426.1448	4802.6199
426.1956	426.1956	2872.3821
426.2110	426.2110	2008.8175
426.7884	426.7884	2547.4251
427.1175	427.1175	9029.3112
427.1946	427.1946	3646.0707
427.2315	427.2315	3743.741
427.3392	427.3392	5210.6711
428.1903	428.1903	3039.9149
428.8474	428.8474	2186.7326
429.1859	429.1859	1305.482
429.2470	429.2470	1734.2579
429.3184	429.3184	6067.6547
430.2060	430.2060	20883.3219
430.2423	430.2423	10653.6683
430.7914	430.7914	13222.243
431.1645	431.1645	1609.7598
431.1899	431.1899	2865.3514
432.1852	432.1852	4234.8294
432.2216	432.2216	46111.9234
432.2580	432.2580	37144.7624
432.8088	432.8088	1097.3577
433.1807	433.1807	5648.1198
433.2056	433.2056	3862.2378
433.2169	433.2169	12144.8141
434.1411	434.1411	1499.2601
434.1795	434.1795	3405.4345
434.2008	434.2008	17919.897
434.2162	434.2162	16846.508
434.2373	434.2373	48097.1671
434.2737	434.2737	1448.7676
435.1964	435.1964	7983.59
435.2208	435.2208	3762.1833
435.2325	435.2325	26166.788
436.1450	436.1450	1520.9512
436.1803	436.1803	1517.6494
436.1953	436.1953	10680.1765
436.2166	436.2166	6130.6748
436.2527	436.2527	5463.0932
437.2157	437.2157	8201.6575
437.2731	437.2731	1711.7954
438.1746	438.1746	1766.5604
438.2110	438.2110	2918.5738
438.2435	438.2435	4372.4366
438.2685	438.2685	44239.3507
439.1945	439.1945	7990.6855
439.2314	439.2314	7927.9141
440.1898	440.1898	5921.6734
440.2265	440.2265	4196.9955
441.1352	441.1352	1902.2597
441.1737	441.1737	2010.0493
441.2106	441.2106	7283.597
441.2474	441.2474	4007.2465
442.2060	442.2060	14250.7858
442.7659	442.7659	158019.0991
443.3341	443.3341	38432.8604
444.1851	444.1851	3705.252
444.1980	444.1980	8090.9089
444.2215	444.2215	13852.8205
444.3377	444.3377	3550.3385
444.7617	444.7617	7525.1033
445.1812	445.1812	2181.9576
445.2169	445.2169	2477.1056
446.1990	446.1990	9161.9152
446.2373	446.2373	41769.8486
446.2736	446.2736	16993.6834
446.8036	446.8036	11890.3562
447.1961	447.1961	10943.8938
447.2211	447.2211	6063.931
447.2325	447.2325	19109.0119
448.1954	448.1954	2068.0208
448.2166	448.2166	16768.2134
448.2318	448.2318	13738.7758
448.2529	448.2529	13297.6082
448.2893	448.2893	12266.8804
448.7829	448.7829	1252265.57
448.7922	448.7922	12488.9224
449.1641	449.1641	7572.8612
449.2118	449.2118	6746.5091
449.2481	449.2481	13767.1976
449.7823	449.7823	15120.9937
450.1959	450.1959	2370.9672
450.2108	450.2108	1672.8607
450.2322	450.2322	7374.6297
450.7786	450.7786	136259.6869
450.7872	450.7872	15375.614
451.1951	451.1951	2524.0595
451.2271	451.2271	1293.8415
451.2315	451.2315	6529.4038
451.2636	451.2636	1434.308
452.1900	452.1900	4130.1507
452.2124	452.2124	2020.9431
452.2265	452.2265	1267.4301
452.2341	452.2341	1215.374
453.1726	453.1726	4690.3574
453.2107	453.2107	13372.1202
453.2471	453.2471	11187.1247
454.2060	454.2060	10694.172
454.2263	454.2263	1258.0961
454.2419	454.2419	1113.9968
455.1877	455.1877	6134.0862
455.2265	455.2265	4341.8063
455.2627	455.2627	6735.5188
456.2213	456.2213	7528.5289
456.2578	456.2578	2716.4206
457.2156	457.2156	1393.6779
457.2423	457.2423	2613.348
457.3497	457.3497	48794.5011
458.2372	458.2372	20563.3945
458.3531	458.3531	7649.4349
459.1961	459.1961	1321.9471
459.2327	459.2327	3487.2708
460.2164	460.2164	4739.4075
460.2253	460.2253	27856.1718
460.2512	460.2512	66215.6266
460.8109	460.8109	16590.5607
461.1866	461.1866	4910.9256
461.2118	461.2118	17643.1677
461.2481	461.2481	11116.2782
461.2530	461.2530	6389.9972
462.1713	462.1713	1767.541
462.2110	462.2110	15078.9983
462.2322	462.2322	11739.7801
462.2475	462.2475	1304.849
462.2684	462.2684	6985.5567
463.2275	463.2275	12505.03
463.2636	463.2636	1518.7789
463.3004	463.3004	2697.7195
464.2267	464.2267	23983.4454
464.2478	464.2478	10687.2169
464.7568	464.7568	2788.2868
465.2317	465.2317	3645.8388
465.2471	465.2471	13577.4246
466.2273	466.2273	3009.2631
466.2425	466.2425	2076.1354
466.2500	466.2500	1786.6298
466.7905	466.7905	10849.857
467.1888	467.1888	3249.777
467.2263	467.2263	4967.5541
468.1854	468.1854	3149.5323
468.2215	468.2215	5681.2486
469.2052	469.2052	1290.3752
469.2169	469.2169	1342.2233
469.2417	469.2417	2593.8765
470.1853	470.1853	1009.0687
470.2004	470.2004	2803.8019
470.2732	470.2732	1222.4556
471.2577	471.2577	4117.8377
471.3655	471.3655	20993.7478
472.2166	472.2166	4590.6044
472.2530	472.2530	6041.9198
472.3682	472.3682	1081.4368
473.2116	473.2116	2958.2468
473.2159	473.2159	21778.779
473.2478	473.2478	2247.1724
473.3447	473.3447	5364.2551
474.2109	474.2109	3311.0781
474.2319	474.2319	6931.9164
474.2686	474.2686	8278.7614
474.3487	474.3487	1836.1702
475.1909	475.1909	3691.2877
475.2277	475.2277	17036.3212
475.2641	475.2641	2902.8159
476.2267	476.2267	5546.2505
476.2479	476.2479	10299.3815
476.2630	476.2630	79291.0088
476.2843	476.2843	4712.3958
476.3206	476.3206	1095.798
477.2431	477.2431	16119.9032
477.2665	477.2665	8870.3774
477.2794	477.2794	6918.2977
478.2060	478.2060	3846.9329
478.2133	478.2133	2367.5091
478.2270	478.2270	6050.9139
478.2634	478.2634	9534.3416
479.2585	479.2585	7127.5754
480.2218	480.2218	10474.4927
480.2430	480.2430	3111.6649
481.2244	481.2244	1270.7744
481.2419	481.2419	5803.5326
482.2007	482.2007	2556.5048
482.2370	482.2370	9277.6737
482.2737	482.2737	2719.3327
482.7680	482.7680	54372.6921
483.2575	483.2575	2920.4749
483.8524	483.8524	1122.1032
484.1390	484.1390	1894.3845
484.1933	484.1933	4138.8539
484.2166	484.2166	3314.3677
484.2527	484.2527	3326.9403
485.2480	485.2480	1462.9942
486.2318	486.2318	3889.1689
486.2685	486.2685	5002.271
487.2275	487.2275	7438.1166
487.2638	487.2638	9343.5621
487.3603	487.3603	39274.612
488.2476	488.2476	2519.0546
488.2838	488.2838	2181.8366
488.3637	488.3637	6158.3429
488.7849	488.7849	135885.1371
489.2065	489.2065	2041.4937
489.2429	489.2429	13707.9972
489.2795	489.2795	21874.4913
490.2423	490.2423	7970.8261
490.2828	490.2828	1322.4533
490.3000	490.3000	1529.7514
490.7806	490.7806	2422.9095
491.2377	491.2377	2709.9619
491.2588	491.2588	18572.3266
491.2950	491.2950	4394.2889
492.2216	492.2216	16834.7499
492.2426	492.2426	5800.4948
492.2786	492.2786	1235.9295
493.2390	493.2390	8486.9218
493.3107	493.3107	1083.2316
494.1985	494.1985	19492.687
494.2372	494.2372	6207.4978
494.2739	494.2739	1497.2762
494.5653	494.5653	1084.0257
495.2328	495.2328	1527.906
495.2577	495.2577	3666.9822
496.1389	496.1389	2069.3877
496.2165	496.2165	11922.9842
496.2239	496.2239	1448.8805
496.2374	496.2374	3604.166
496.2528	496.2528	17689.424
496.2893	496.2893	9728.6564
497.2476	497.2476	2785.4864
497.2730	497.2730	3803.6328
498.1953	498.1953	1684.3562
498.2322	498.2322	7247.614
498.2685	498.2685	19861.0108
499.2272	499.2272	1260.25
499.2635	499.2635	2326.9678
499.3608	499.3608	1074.5249
500.2841	500.2841	46234.5978
500.8035	500.8035	1663.3833
501.2432	501.2432	4856.5275
501.2681	501.2681	3312.1721
501.2795	501.2795	1608.338
501.2877	501.2877	3761.7563
501.3760	501.3760	61794.6355
502.2023	502.2023	1211.2413
502.2634	502.2634	1183.53
502.2999	502.2999	14577.2779
502.3793	502.3793	6922.6532
503.2587	503.2587	23557.5492
503.2951	503.2951	1765.6867
503.3031	503.3031	1301.8236
504.2429	504.2429	5445.5039
504.2794	504.2794	1040.8072
504.3162	504.3162	3148.2696
504.3520	504.3520	1135.1528
505.2744	505.2744	8344.4671
505.3105	505.3105	1709.0891
506.1857	506.1857	2875.5336
507.2326	507.2326	5011.83
507.2536	507.2536	3066.0471
507.2688	507.2688	7667.4955
508.2167	508.2167	2464.4117
509.1960	509.1960	1088.6205
509.2115	509.2115	1602.2157
509.2354	509.2354	4184.6248
509.2482	509.2482	4399.6008
509.2846	509.2846	9384.858
510.1937	510.1937	4936.5309
510.2322	510.2322	117006.8925
510.2531	510.2531	1324.9248
510.2686	510.2686	12762.3411
511.2267	511.2267	2962.0429
511.2356	511.2356	11491.0553
511.2641	511.2641	2772.8503
512.2114	512.2114	1704.5627
512.2479	512.2479	4056.3268
512.2841	512.2841	9231.7999
513.2426	513.2426	1405.5723
514.2612	514.2612	34508.2467
514.2998	514.2998	5979.1594
514.7718	514.7718	2668.6579
515.2588	515.2588	6269.8367
515.3917	515.3917	28215.4695
516.2426	516.2426	16946.403
516.3155	516.3155	9312.1098
516.3951	516.3951	2677.1776
517.2744	517.2744	12797.3991
517.3109	517.3109	5825.8455
517.3708	517.3708	5037.6642
518.2058	518.2058	7537.2468
518.2200	518.2200	1308.8929
518.2373	518.2373	25793.3634
518.2696	518.2696	17600.6101
519.2327	519.2327	2153.0068
519.2404	519.2404	3661.7349
519.2539	519.2539	9900.9418
519.2900	519.2900	3442.4648
519.3263	519.3263	3667.2698
520.7777	520.7777	2295.3104
521.2122	521.2122	2002.1198
521.2331	521.2331	1794.7172
521.2694	521.2694	3456.5269
522.2323	522.2323	4644.3127
522.2528	522.2528	4773.5335
522.2686	522.2686	15243.3571
522.5970	522.5970	12169.3679
523.2274	523.2274	1527.8405
523.2634	523.2634	2012.8131
523.2719	523.2719	1888.78
523.6006	523.6006	2401.7943
524.2477	524.2477	8947.8479
524.2840	524.2840	2910.5729
525.2427	525.2427	2995.4156
525.2791	525.2791	1564.2801
526.2269	526.2269	1698.5531
526.2383	526.2383	3533.6459
526.2633	526.2633	9049.3787
527.1865	527.1865	1108.8362
527.2587	527.2587	3423.7856
528.2064	528.2064	2180.7116
528.2789	528.2789	2147.2397
529.2039	529.2039	2786.742
529.2171	529.2171	3278.4025
529.2744	529.2744	4462.4454
529.3106	529.3106	1001.0003
531.2670	531.2670	3684.1159
531.2899	531.2899	6721.6243
531.3264	531.3264	10252.5565
531.3866	531.3866	39144.9504
532.2497	532.2497	6321.3929
532.2853	532.2853	3031.71
532.3900	532.3900	4597.229
533.2481	533.2481	3141.2014
533.2692	533.2692	6144.5003
533.2844	533.2844	8029.3018
533.3418	533.3418	3293.6961
534.3008	534.3008	3222.1897
535.2637	535.2637	2529.3923
535.2852	535.2852	5106.011
535.3001	535.3001	5000.5535
537.2433	537.2433	5971.6408
538.2634	538.2634	4399.9246
538.2998	538.2998	1177.0125
539.2220	539.2220	13099.075
539.2588	539.2588	5237.0116
540.2014	540.2014	3696.9085
540.2192	540.2192	8935.7366
540.2792	540.2792	5856.3539
541.2034	541.2034	2590.7018
541.2377	541.2377	5293.5894
541.2744	541.2744	5156.5552
542.1847	542.1847	5429.3741
543.2538	543.2538	2616.7685
543.2901	543.2901	3308.5611
543.3867	543.3867	3391.1116
544.2736	544.2736	2215.5887
545.2695	545.2695	1385.9577
545.2849	545.2849	1493.6546
545.3057	545.3057	3196.0139
545.4022	545.4022	62442.9317
546.2646	546.2646	4236.5293
546.4056	546.4056	9390.365
547.2853	547.2853	1775.9927
547.3003	547.3003	9980.1211
547.3212	547.3212	2282.5217
547.3578	547.3578	1304.61
548.3167	548.3167	1716.0725
549.2788	549.2788	3089.883
549.3008	549.3008	4780.806
550.2619	550.2619	9854.146
550.2996	550.2996	7079.2419
550.6284	550.6284	114251.8493
550.7315	550.7315	1027.5714
551.2588	551.2588	5770.2887
551.2797	551.2797	1313.8371
551.6317	551.6317	34059.085
552.2538	552.2538	2639.4208
552.2788	552.2788	4591.362
552.6349	552.6349	2536.1615
553.2742	553.2742	6057.242
554.2946	554.2946	3573.1944
555.2521	555.2521	4536.1184
555.2897	555.2897	2902.0763
556.2488	556.2488	3277.5107
556.2722	556.2722	2318.4371
556.2836	556.2836	1255.2059
557.2338	557.2338	1210.8122
557.2681	557.2681	2299.0464
557.2822	557.2822	2648.5399
557.3055	557.3055	14819.7557
558.2889	558.2889	2838.1542
559.2846	559.2846	1338.9972
559.3212	559.3212	3847.411
559.4177	559.4177	28697.2446
560.2321	560.2321	1090.2512
560.2471	560.2471	1899.057
560.2803	560.2803	6890.2319
560.3165	560.3165	14981.518
560.4209	560.4209	3161.9182
560.7704	560.7704	1190.833
561.3369	561.3369	2159.2611
561.3969	561.3969	2960.7547
562.2481	562.2481	4685.0042
562.2958	562.2958	13056.5393
563.2796	563.2796	4261.3629
563.2951	563.2951	23474.8712
563.3166	563.3166	1667.949
564.2751	564.2751	2309.4925
565.2369	565.2369	2305.0634
565.2738	565.2738	3003.9388
565.3107	565.3107	2294.2211
566.2446	566.2446	1305.0781
566.2563	566.2563	5141.7229
567.2534	567.2534	2820.2029
567.2898	567.2898	7351.0317
568.2485	568.2485	1046.5109
568.2742	568.2742	1330.718
568.2852	568.2852	2033.0776
568.3100	568.3100	1461.7721
568.7199	568.7199	1168.911
569.2695	569.2695	10921.2339
569.3052	569.3052	1455.2456
571.2832	571.2832	14144.2219
571.4175	571.4175	1442.0764
572.2808	572.2808	4380.9107
573.2793	573.2793	15802.9475
573.3366	573.3366	4815.5205
574.2833	574.2833	1211.9984
574.2955	574.2955	4604.0002
575.4128	575.4128	28746.9247
576.2901	576.2901	1673.1644
576.3115	576.3115	2006.4039
576.4159	576.4159	4488.8433
576.5825	576.5825	33337.7906
577.3318	577.3318	2917.3505
577.5857	577.5857	9123.0445
578.2325	578.2325	1318.3855
578.2907	578.2907	2260.1269
579.2896	579.2896	4664.1786
579.3252	579.3252	2293.9404
580.2745	580.2745	1768.7309
581.3059	581.3059	3014.7524
582.3003	582.3003	1086.0178
583.2613	583.2613	1610.5754
583.2852	583.2852	3553.0171
583.3214	583.3214	3559.1065
584.2797	584.2797	2016.7681
584.6972	584.6972	44700.9682
585.3372	585.3372	5219.0749
586.2572	586.2572	19215.3251
587.4130	587.4130	3712.1237
588.3117	588.3117	2076.7713
589.4283	589.4283	49900.8921
590.2911	590.2911	5749.7365
590.3060	590.3060	49869.5304
590.4320	590.4320	9375.7635
590.7142	590.7142	377342.8503
591.2900	591.2900	6326.9167
591.3096	591.3096	5618.6976
591.7134	591.7134	2528.5461
592.3218	592.3218	2114.6036
592.7100	592.7100	56664.1001
593.2903	593.2903	11437.8164
594.2637	594.2637	1402.8877
595.2849	595.2849	7451.3278
595.3212	595.3212	20192.2974
596.1178	596.1178	1726.2089
596.3244	596.3244	1460.4259
597.2624	597.2624	1199.0477
597.2856	597.2856	7874.1943
597.3011	597.3011	1723.6329
598.2608	598.2608	1848.392
598.2957	598.2957	1426.5286
599.2781	599.2781	1220.8209
600.2751	600.2751	1476.5491
600.3116	600.3116	1672.6494
600.5822	600.5822	1716.0444
601.2719	601.2719	127285.614
602.2754	602.2754	24249.854
602.5982	602.5982	52004.7311
603.4441	603.4441	21400.7035
603.6012	603.6012	11611.9916
604.3066	604.3066	2835.7327
604.3430	604.3430	1179.4514
604.4476	604.4476	3644.3231
604.6137	604.6137	2187.0854
605.3382	605.3382	2157.2117
605.4230	605.4230	2146.3783
606.3581	606.3581	2690.3182
606.6887	606.6887	15225.6965
607.2849	607.2849	6148.0853
607.3189	607.3189	3488.0397
608.2805	608.2805	2690.9637
608.3012	608.3012	11715.6804
608.3155	608.3155	1383.0677
609.3005	609.3005	126220.2078
609.3366	609.3366	1360.0619
610.3040	610.3040	26679.6939
611.2796	611.2796	2128.0581
611.3163	611.3163	5135.8574
612.3000	612.3000	5475.0045
612.7055	612.7055	64287.4684
613.2722	613.2722	2074.916
615.2216	615.2216	1718.9694
615.4441	615.4441	2025.7543
616.2713	616.2713	2885.0554
617.3264	617.3264	1808.563
618.3008	618.3008	4161.0071
619.4389	619.4389	21445.1273
620.2805	620.2805	1217.9706
620.4418	620.4418	2343.3886
621.3008	621.3008	5168.3083
623.2549	623.2549	2134.1261
623.2888	623.2888	2408.9236
623.3160	623.3160	6287.4618
624.2750	624.2750	2720.3703
624.2963	624.2963	1594.4584
625.2955	625.2955	8101.7802
626.3272	626.3272	2260.2448
628.3427	628.3427	2072.9673
628.6138	628.6138	9705.3311
629.3027	629.3027	1804.3024
629.6166	629.6166	1590.9782
630.6289	630.6289	1044.1159
631.2824	631.2824	48306.559
631.3173	631.3173	2482.3836
631.4389	631.4389	4318.0085
632.2862	632.2862	4703.8902
632.3165	632.3165	2077.3169
632.3380	632.3380	2271.622
633.4546	633.4546	35836.0075
634.2479	634.2479	2027.7573
634.2821	634.2821	1616.0662
634.4580	634.4580	5305.9156
635.3132	635.3132	2242.1188
635.3272	635.3272	3616.2631
636.2789	636.2789	3838.119
636.3115	636.3115	4203.7406
637.2255	637.2255	1764.6168
637.2950	637.2950	2872.284
637.3318	637.3318	3631.1134
638.2908	638.2908	3081.6485
638.3268	638.3268	2412.099
639.3092	639.3092	3725.1732
639.3471	639.3471	1671.2953
640.2700	640.2700	1873.0227
640.2807	640.2807	1175.784
640.3424	640.3424	3534.2772
642.3008	642.3008	3582.8224
643.3048	643.3048	1892.5877
643.3178	643.3178	1173.9986
644.3162	644.3162	3670.1708
647.4701	647.4701	19735.4332
648.3685	648.3685	2162.6411
648.4734	648.4734	1518.9501
649.3300	649.3300	1537.8268
649.4492	649.4492	1487.8885
650.3272	650.3272	4397.7089
651.3224	651.3224	1160.9211
652.3062	652.3062	2452.5206
652.3425	652.3425	8029.9943
654.3223	654.3223	4766.8106
655.2144	655.2144	10135.6238
655.3399	655.3399	1908.1688
656.2640	656.2640	3573.8355
656.3010	656.3010	1123.9168
657.4550	657.4550	1214.3918
659.3013	659.3013	1402.7594
659.3154	659.3154	1376.4551
659.4213	659.4213	18255.1348
659.4703	659.4703	3622.4395
660.3113	660.3113	2814.0694
660.4246	660.4246	2176.7493
661.3431	661.3431	4425.7729
662.3280	662.3280	1642.992
663.3095	663.3095	1867.2477
663.3449	663.3449	1329.6834
663.4651	663.4651	12458.0407
664.3062	664.3062	1622.4231
664.3423	664.3423	3813.8983
664.4686	664.4686	1798.3211
665.3630	665.3630	1132.4615
666.3219	666.3219	3288.5978
666.3582	666.3582	3337.2801
667.3056	667.3056	1014.1694
668.3222	668.3222	6437.4751
668.3372	668.3372	1437.6601
668.6189	668.6189	1138.2312
669.3334	669.3334	3691.4178
669.4907	669.4907	2601.4482
669.5273	669.5273	1505.3327
670.3510	670.3510	10501.8348
671.3140	671.3140	3511.6717
675.3436	675.3436	1621.1254
675.4648	675.4648	2781.0343
676.3418	676.3418	1876.2754
677.2659	677.2659	1237.6724
677.3379	677.3379	2937.4383
677.4807	677.4807	29043.6739
678.3221	678.3221	1238.9211
678.4842	678.4842	4711.0312
679.3027	679.3027	2002.0141
679.3172	679.3172	1073.7348
680.3371	680.3371	9101.3947
681.3004	681.3004	28900.0604
682.3036	682.3036	3863.0701
682.3533	682.3533	22740.0618
682.3901	682.3901	1374.0364
683.3567	683.3567	1468.3919
684.2342	684.2342	2642.8016
684.3689	684.3689	1499.0397
687.3223	687.3223	2188.6443
688.3400	688.3400	1867.5719
689.3390	689.3390	1089.1155
691.2696	691.2696	4357.6096
691.4964	691.4964	13683.6511
692.3352	692.3352	2258.1536
694.3527	694.3527	2581.2835
695.2408	695.2408	1546.6667
695.3481	695.3481	2550.5238
696.3322	696.3322	2596.3855
697.3296	697.3296	1684.3825
697.3634	697.3634	1798.3732
703.2829	703.2829	1227.6055
703.4959	703.4959	3019.0265
704.3378	704.3378	1659.4811
705.4266	705.4266	2811.0027
706.3522	706.3522	2693.6279
707.3152	707.3152	3786.2876
707.4912	707.4912	5304.7864
708.3430	708.3430	1185.1398
708.3688	708.3688	4485.6229
709.3331	709.3331	2126.2051
710.3477	710.3477	4603.398
713.4317	713.4317	2411.6991
713.5167	713.5167	3729.2763
714.3554	714.3554	2927.8243
715.3151	715.3151	6650.7277
718.3141	718.3141	3741.9381
719.3501	719.3501	1395.9315
719.4914	719.4914	2101.2256
720.3304	720.3304	2943.9816
720.3656	720.3656	1666.1221
721.3330	721.3330	2241.3805
721.3639	721.3639	3301.7881
721.5068	721.5068	12680.9196
722.3845	722.3845	3452.5007
722.5098	722.5098	2137.2984
723.3281	723.3281	10422.9019
723.3432	723.3432	10915.7226
724.3633	724.3633	7522.945
726.6284	726.6284	16964.4131
728.3582	728.3582	1996.2769
731.3847	731.3847	2156.7141
732.6453	732.6453	138064.5922
733.3641	733.3641	1136.508
733.4014	733.4014	1718.8118
734.6413	734.6413	14039.6279
735.5224	735.5224	5957.6882
736.4001	736.4001	3466.0385
737.3591	737.3591	5684.203
739.3746	739.3746	2231.1952
741.5485	741.5485	1182.5231
745.3251	745.3251	1773.3693
747.5224	747.5224	2659.5784
748.6202	748.6202	1859.7582
749.3597	749.3597	3282.6088
751.3743	751.3743	1842.3322
751.5175	751.5175	4308.475
756.3536	756.3536	1459.3994
756.4377	756.4377	18657.1667
757.4408	757.4408	2132.6281
757.5430	757.5430	3047.7936
761.3934	761.3934	2596.5818
763.3752	763.3752	1267.8479
764.3350	764.3350	7049.4517
765.5331	765.5331	7713.4634
766.5361	766.5361	2663.1112
767.3692	767.3692	1228.1029
771.3642	771.3642	4937.5658
772.3639	772.3639	9625.3147
772.6474	772.6474	9386.7362
773.3671	773.3671	1988.2453
776.4061	776.4061	2700.874
776.4638	776.4638	14841.2809
778.3863	778.3863	1693.033
779.3001	779.3001	2383.2117
779.4047	779.4047	3645.819
779.5487	779.5487	2792.8546
781.4204	781.4204	1328.3244
791.4038	791.4038	1279.0269
794.3823	794.3823	3809.2894
795.5435	795.5435	1799.7638
796.3964	796.3964	1443.4953
798.4459	798.4459	27876.0569
799.4488	799.4488	3986.0679
801.5693	801.5693	2631.9386
809.5597	809.5597	4344.5539
818.4172	818.4172	1583.7045
820.3966	820.3966	1836.7095
822.4114	822.4114	3228.4152
823.4328	823.4328	1179.3107
823.5748	823.5748	1780.0602
825.3872	825.3872	1138.0889
827.4751	827.4751	1154.0187
839.5698	839.5698	1834.1932
840.4220	840.4220	1711.1249
844.4316	844.4316	1409.939
848.3926	848.3926	1389.7009
851.5688	851.5688	1221.7875
852.4577	852.4577	2108.264
853.5858	853.5858	2414.4912
862.4045	862.4045	1429.5504
866.4376	866.4376	1429.6927
868.5597	868.5597	8394.9819
869.6685	869.6685	1226.2253
871.4315	871.4315	1491.8213
873.4805	873.4805	5684.2826
874.5763	874.5763	64826.2941
875.4377	875.4377	1142.4486
876.5725	876.5725	4981.0408
878.4365	878.4365	2389.4159
893.4149	893.4149	1947.0394
893.4490	893.4490	1287.826
895.4621	895.4621	61294.5929
896.4655	896.4655	17785.0956
896.5680	896.5680	9647.6449
902.4370	902.4370	1281.0793
903.5901	903.5901	1405.5578
905.4484	905.4484	3339.5635
907.4640	907.4640	1407.6568
912.4432	912.4432	5681.5934
912.4888	912.4888	1137.5809
917.4447	917.4447	3636.7853
925.7310	925.7310	1764.605
941.7255	941.7255	2746.3694
945.4416	945.4416	4094.6015
947.6168	947.6168	1395.3793
969.7570	969.7570	1680.5905
975.4517	975.4517	3097.7783
983.4800	983.4800	29686.9094
984.4836	984.4836	6203.8359
1005.4626	1005.4626	4462.0181
1006.4649	1006.4649	1210.9314
1009.5047	1009.5047	8428.4445
1016.5073	1016.5073	37712.1033
1018.5032	1018.5032	2111.7898
1035.6686	1035.6686	1792.9214
1038.4993	1038.4993	2551.122
1158.4384	1158.4384	14587.22
1160.4353	1160.4353	1790.4571
1209.5767	1209.5767	1136.355
1300.3697	1300.3697	1653.1324
1311.6763	1311.6763	2095.9256
1333.6579	1333.6579	2084.9351
1334.6609	1334.6609	2625.3501
