151.0501	151.0501	48818.2733
151.0542	151.0542	8502.5469
151.0865	151.0865	294238.3074
151.0977	151.0977	22423.6666
151.1229	151.1229	77630.1652
152.0342	152.0342	5655.6752
152.0494	152.0494	31607.6969
152.0620	152.0620	813997.0002
152.0705	152.0705	155285.3419
152.0817	152.0817	207885.2318
152.0898	152.0898	10505.7381
152.1069	152.1069	106530.5963
152.1181	152.1181	24864.3096
152.1433	152.1433	43966.2304
153.0446	153.0446	8980.6405
153.0572	153.0572	120679.1666
153.0657	153.0657	284289.9356
153.0698	153.0698	355385.0236
153.1021	153.1021	258896.5702
153.1134	153.1134	11231.4104
153.1385	153.1385	102970.6115
154.0498	154.0498	9058.2295
154.0610	154.0610	13675.6665
154.0650	154.0650	1848350.214
154.0731	154.0731	23190.3454
154.0776	154.0776	37653.3994
154.0861	154.0861	116022.7752
154.0974	154.0974	90841.5243
154.1055	154.1055	7566.3471
154.1225	154.1225	86491.3908
154.1337	154.1337	7118.6936
154.9901	154.9901	11472.9535
155.0450	155.0450	17553.0449
155.0490	155.0490	20507.2417
155.0602	155.0602	614029.9815
155.0683	155.0683	189648.8465
155.0728	155.0728	222083.2323
155.0814	155.0814	181918.739
155.0854	155.0854	79920.3575
155.0926	155.0926	132425.5707
155.1177	155.1177	167250.8514
155.9741	155.9741	7374.5828
156.0443	156.0443	29625.8076
156.0555	156.0555	10761.6261
156.0636	156.0636	42860.0214
156.0654	156.0654	6022.4706
156.0681	156.0681	525397.9077
156.0766	156.0766	24800.8507
156.0807	156.0807	1164571.952
156.1018	156.1018	149270.3827
156.1131	156.1131	34161.0582
157.0521	157.0521	12612.0484
157.0607	157.0607	22453.934
157.0634	157.0634	26562.9504
157.0647	157.0647	124878.9108
157.0715	157.0715	36038.0097
157.0759	157.0759	1051352.036
157.0840	157.0840	109294.8321
157.0885	157.0885	141956.9263
157.0971	157.0971	85909.2018
157.1011	157.1011	5680.0139
157.1083	157.1083	401693.5858
157.1335	157.1335	7874.4442
158.0599	158.0599	253767.4881
158.0712	158.0712	91767.4496
158.0793	158.0793	82840.0811
158.0838	158.0838	591049.8586
158.0923	158.0923	69951.9445
158.0963	158.0963	352156.9595
158.1116	158.1116	7412.4199
159.0552	159.0552	47675.7487
159.0586	159.0586	28070.2731
159.0633	159.0633	11257.9619
159.0664	159.0664	8785.9161
159.0678	159.0678	112976.3455
159.0763	159.0763	7201.8947
159.0790	159.0790	7691.2248
159.0804	159.0804	39826.9098
159.0871	159.0871	38329.7859
159.0916	159.0916	3849771.887
159.0996	159.0996	15144.602
159.1239	159.1239	47335.1002
160.0215	160.0215	5026.1817
160.0392	160.0392	5954.0481
160.0504	160.0504	10418.7871
160.0756	160.0756	621227.985
160.0868	160.0868	198202.7943
160.0949	160.0949	363801.662
160.0994	160.0994	4619.705
160.1079	160.1079	31550.3458
160.1119	160.1119	132847.0156
161.0384	161.0384	10945.5426
161.0596	161.0596	48390.2483
161.0708	161.0708	184589.1371
161.0789	161.0789	43188.633
161.0820	161.0820	51852.3973
161.0960	161.0960	4935.1971
161.1072	161.1072	121106.078
162.0370	162.0370	10229.8213
162.0462	162.0462	5509.9536
162.0548	162.0548	266669.5902
162.0660	162.0660	118971.0625
162.0912	162.0912	153284.6368
162.1024	162.1024	165640.0093
162.1276	162.1276	15750.4821
163.0500	163.0500	35247.2896
163.0541	163.0541	277517.4239
163.0581	163.0581	8186.0436
163.0613	163.0613	13455.7546
163.0864	163.0864	194068.2184
163.0977	163.0977	25089.1243
163.1228	163.1228	77723.4659
164.0453	164.0453	16981.6913
164.0493	164.0493	100947.1671
164.0574	164.0574	17025.9756
164.0619	164.0619	26745.421
164.0704	164.0704	67564.1134
164.0817	164.0817	226290.2189
164.1069	164.1069	52954.3337
164.1181	164.1181	117966.5085
165.0572	165.0572	30704.9387
165.0658	165.0658	181152.7349
165.0698	165.0698	888460.4749
165.0770	165.0770	142835.0913
165.1021	165.1021	262961.819
165.1134	165.1134	22531.9961
165.1385	165.1385	57388.4956
166.0498	166.0498	7330.9463
166.0524	166.0524	10774.3552
166.0610	166.0610	23099.2449
166.0650	166.0650	648825.0444
166.0731	166.0731	91992.743
166.0776	166.0776	38375.1778
166.0861	166.0861	88567.1416
166.0974	166.0974	218099.9482
166.1055	166.1055	6313.02
166.1086	166.1086	4752.0827
166.1225	166.1225	55602.5159
166.1337	166.1337	26396.576
166.9901	166.9901	8437.489
167.0450	167.0450	44077.3219
167.0603	167.0603	295568.2178
167.0684	167.0684	61445.0758
167.0728	167.0728	1724833.855
167.0814	167.0814	274534.0867
167.0854	167.0854	81620.51
167.0926	167.0926	152303.1948
167.1178	167.1178	199485.8475
167.1290	167.1290	4407.7772
167.1541	167.1541	59191.8718
168.0443	168.0443	6868.3065
168.0568	168.0568	126573.645
168.0636	168.0636	15026.2432
168.0654	168.0654	13442.5026
168.0681	168.0681	334232.2828
168.0762	168.0762	187395.3347
168.0806	168.0806	1100091.622
168.0847	168.0847	6150.8298
168.1018	168.1018	89907.1094
168.1130	168.1130	94324.0964
168.1382	168.1382	81303.5779
168.9694	168.9694	13458.6478
169.0521	169.0521	25619.63
169.0606	169.0606	36083.9214
169.0647	169.0647	289903.0378
169.0714	169.0714	18609.7369
169.0759	169.0759	1191567.419
169.0840	169.0840	107816.2363
169.0885	169.0885	95518.9287
169.0970	169.0970	215898.718
169.1082	169.1082	75265.306
169.1334	169.1334	116955.4892
169.9898	169.9898	11892.9124
170.0599	170.0599	3732158.288
170.0680	170.0680	19693.8964
170.0711	170.0711	94135.228
170.0792	170.0792	100340.4814
170.0810	170.0810	19621.6272
170.0837	170.0837	86892.9862
170.0922	170.0922	25284.4219
170.0963	170.0963	435148.3402
170.1174	170.1174	7710.2276
170.1287	170.1287	11410.1091
170.9850	170.9850	8457.5812
171.0439	171.0439	5034.8874
171.0551	171.0551	63829.9349
171.0632	171.0632	358542.4123
171.0677	171.0677	10250.9439
171.0763	171.0763	25390.811
171.0790	171.0790	13545.7527
171.0803	171.0803	24305.8487
171.0915	171.0915	439706.0324
171.0996	171.0996	33114.468
171.1041	171.1041	4333.9864
171.1126	171.1126	45752.1248
171.1239	171.1239	22458.5416
171.1490	171.1490	5114.8447
171.9929	171.9929	5099.3918
172.0054	172.0054	5687.8841
172.0504	172.0504	8010.2098
172.0629	172.0629	5076.1439
172.0755	172.0755	308048.4398
172.0867	172.0867	89172.5428
172.0948	172.0948	27970.1431
172.0993	172.0993	12987.9053
172.1079	172.1079	38168.7184
172.1119	172.1119	126969.4426
173.0007	173.0007	8267.7023
173.0293	173.0293	9538.4334
173.0596	173.0596	13274.6683
173.0709	173.0709	123511.5662
173.0790	173.0790	12359.9414
173.0821	173.0821	13988.6578
173.0834	173.0834	4638.1634
173.0920	173.0920	5156.0105
173.1072	173.1072	117461.7042
173.1284	173.1284	34388.6308
173.9847	173.9847	10143.422
174.0372	174.0372	6714.7432
174.0463	174.0463	26279.3019
174.0549	174.0549	62621.736
174.0661	174.0661	31739.8942
174.0742	174.0742	4077.0976
174.0913	174.0913	155341.8253
174.1025	174.1025	81035.4938
174.1276	174.1276	40962.0486
174.1348	174.1348	62084.6167
175.0501	175.0501	6084.7823
175.0613	175.0613	6056.5079
175.0865	175.0865	180765.8608
175.0977	175.0977	32621.3604
175.1189	175.1189	31909.9573
175.1229	175.1229	36143.249
176.0620	176.0620	242380.7819
176.0705	176.0705	51725.6921
176.0817	176.0817	121727.8657
176.0899	176.0899	4016.9962
176.1069	176.1069	82881.7169
176.1181	176.1181	125825.7807
177.0572	177.0572	75644.1897
177.0657	177.0657	52064.9822
177.0698	177.0698	96762.5303
177.0770	177.0770	32464.1162
177.1021	177.1021	127876.7957
177.1133	177.1133	19144.9694
177.1385	177.1385	23125.2237
178.0610	178.0610	76123.0784
178.0650	178.0650	238373.0802
178.0776	178.0776	358801.8468
178.0861	178.0861	35867.0801
178.0974	178.0974	105548.1225
178.1225	178.1225	15634.3061
178.1338	178.1338	109241.6873
179.0450	179.0450	7534.5374
179.0603	179.0603	157848.9792
179.0684	179.0684	16216.5439
179.0728	179.0728	74446.2652
179.0813	179.0813	149604.352
179.0854	179.0854	91820.8483
179.0926	179.0926	58149.3353
179.1178	179.1178	123645.6381
179.1289	179.1289	5667.4194
179.1541	179.1541	12510.969
180.0555	180.0555	4909.7452
180.0637	180.0637	6312.8591
180.0654	180.0654	5060.8763
180.0681	180.0681	20407.748
180.0766	180.0766	77147.1851
180.0807	180.0807	800231.8729
180.1018	180.1018	35726.6571
180.1130	180.1130	105667.3321
180.1494	180.1494	11761.8596
181.0606	181.0606	57691.4633
181.0647	181.0647	60185.1071
181.0759	181.0759	421962.3348
181.0840	181.0840	84483.177
181.0885	181.0885	156019.7884
181.0970	181.0970	182069.6576
181.1010	181.1010	4009.1227
181.1082	181.1082	80355.0634
181.1334	181.1334	134821.6482
182.0010	182.0010	49011.4603
182.0600	182.0600	139429.1251
182.0712	182.0712	23041.3789
182.0794	182.0794	32989.202
182.0811	182.0811	7299.1397
182.0838	182.0838	257804.3699
182.0923	182.0923	125865.9253
182.0964	182.0964	269009.7916
182.1036	182.1036	6080.5694
182.1175	182.1175	18604.134
182.1287	182.1287	48812.4787
182.9851	182.9851	11274.9152
183.0552	183.0552	15898.8719
183.0678	183.0678	123521.9995
183.0764	183.0764	80132.0121
183.0791	183.0791	21976.4944
183.0804	183.0804	12148.2396
183.0875	183.0875	75121.9217
183.0916	183.0916	426485.1431
183.0997	183.0997	15483.4747
183.1042	183.1042	10936.8666
183.1127	183.1127	171593.3964
183.1240	183.1240	125282.4174
183.1491	183.1491	160669.1546
184.0167	184.0167	31086.7853
184.0631	184.0631	32169.8241
184.0714	184.0714	9502.5486
184.0733	184.0733	34286.6161
184.0756	184.0756	304509.1661
184.0869	184.0869	107915.2948
184.0950	184.0950	35591.5655
184.0967	184.0967	22000.5855
184.0994	184.0994	23162.4926
184.1080	184.1080	48796.8274
184.1120	184.1120	154975.8771
184.1192	184.1192	26369.9881
185.0007	185.0007	36785.6587
185.0556	185.0556	7704.2643
185.0597	185.0597	4481.8185
185.0709	185.0709	538205.6112
185.0790	185.0790	16802.1695
185.0821	185.0821	17219.6877
185.0835	185.0835	6674.84
185.0920	185.0920	50181.3809
185.1032	185.1032	113684.4518
185.1073	185.1073	159623.6363
185.1154	185.1154	6681.7911
185.1284	185.1284	17292.5442
185.1396	185.1396	64913.3713
185.1647	185.1647	14978.4674
185.9722	185.9722	6038.472
186.0371	186.0371	10305.2079
186.0549	186.0549	34106.3352
186.0661	186.0661	14641.4294
186.0742	186.0742	41305.644
186.0872	186.0872	11699.8746
186.0912	186.0912	221011.8705
186.1025	186.1025	70250.6374
186.1106	186.1106	6463.6566
186.1236	186.1236	58881.7063
186.1277	186.1277	78553.7065
186.1349	186.1349	4970.3587
186.9800	186.9800	6938.0135
187.0541	187.0541	93144.1056
187.0865	187.0865	194175.2331
187.0946	187.0946	10635.1718
187.0977	187.0977	14559.6312
187.1076	187.1076	12597.0018
187.1229	187.1229	78689.1763
187.1440	187.1440	7823.9158
188.0004	188.0004	4137.9971
188.0494	188.0494	27741.4557
188.0705	188.0705	88268.1223
188.0818	188.0818	42534.9265
188.0898	188.0898	5710.0983
188.1069	188.1069	80296.9471
188.1181	188.1181	24927.378
188.1433	188.1433	10343.3494
189.0572	189.0572	5670.0498
189.0657	189.0657	30684.7198
189.0698	189.0698	379694.8527
189.0770	189.0770	9769.6369
189.1021	189.1021	103212.0259
189.1134	189.1134	13113.6436
189.1385	189.1385	11658.1687
190.0610	190.0610	41957.3946
190.0650	190.0650	213206.3729
190.0731	190.0731	38484.0781
190.0776	190.0776	56306.8921
190.0861	190.0861	74155.9841
190.0974	190.0974	70963.4053
190.1225	190.1225	31618.8007
190.1338	190.1338	40610.7114
191.0602	191.0602	16893.9936
191.0684	191.0684	15482.237
191.0728	191.0728	374815.3191
191.0814	191.0814	71206.8877
191.0854	191.0854	101403.9715
191.0926	191.0926	39941.8997
191.1178	191.1178	87583.2955
191.1290	191.1290	25341.8606
192.0568	192.0568	15534.9135
192.0681	192.0681	152200.3497
192.0765	192.0765	107156.301
192.0806	192.0806	280790.704
192.1018	192.1018	23652.5043
192.1130	192.1130	120891.8516
192.1494	192.1494	29896.3054
193.0522	193.0522	4946.8471
193.0607	193.0607	19493.2196
193.0648	193.0648	19423.3854
193.0719	193.0719	53688.2376
193.0760	193.0760	228199.2369
193.0841	193.0841	24757.4664
193.0886	193.0886	180321.6593
193.0971	193.0971	118879.9318
193.1012	193.1012	5375.7894
193.1083	193.1083	64796.7389
193.1335	193.1335	66689.5268
193.1447	193.1447	7999.2566
194.0600	194.0600	55917.9753
194.0712	194.0712	38727.2156
194.0794	194.0794	11166.7274
194.0812	194.0812	5013.7118
194.0838	194.0838	58571.648
194.0923	194.0923	188524.7506
194.0964	194.0964	252039.7732
194.1175	194.1175	14408.034
194.1287	194.1287	122763.6177
195.0552	195.0552	13773.2985
195.0764	195.0764	105314.7118
195.0804	195.0804	11198.5347
195.0876	195.0876	115366.0989
195.0916	195.0916	365033.9803
195.0957	195.0957	4448.444
195.0997	195.0997	17983.1398
195.1042	195.1042	12442.1269
195.1128	195.1128	153393.2678
195.1240	195.1240	40511.6516
195.1491	195.1491	66662.758
196.0518	196.0518	5891.1329
196.0604	196.0604	4648.7876
196.0716	196.0716	10256.8222
196.0756	196.0756	184049.3386
196.0869	196.0869	95018.7499
196.0950	196.0950	29290.5983
196.0994	196.0994	44201.1222
196.1080	196.1080	110512.8664
196.1120	196.1120	80277.4704
196.1192	196.1192	5468.8881
196.1332	196.1332	9635.8468
196.1444	196.1444	58045.1835
196.9895	196.9895	5245.1816
197.0008	197.0008	6773.2616
197.0709	197.0709	136424.5878
197.0790	197.0790	6726.1806
197.0834	197.0834	7238.6664
197.0920	197.0920	90971.6209
197.1032	197.1032	169139.3875
197.1073	197.1073	151359.4764
197.1284	197.1284	104450.5917
197.1396	197.1396	31140.0434
197.1648	197.1648	49334.0201
198.0549	198.0549	45259.1239
198.0661	198.0661	8163.7703
198.0742	198.0742	4309.5062
198.0787	198.0787	15207.6118
198.0872	198.0872	40666.2185
198.0913	198.0913	86433.6097
198.1025	198.1025	57386.7116
198.1106	198.1106	6213.2019
198.1236	198.1236	45484.1336
198.1277	198.1277	32979.6228
198.1348	198.1348	10340.9503
199.0163	199.0163	5744.2993
199.0713	199.0713	9537.989
199.0865	199.0865	121548.3152
199.0977	199.0977	4974.1935
199.1076	199.1076	61537.3378
199.1189	199.1189	67680.7873
199.1229	199.1229	65687.1456
199.1441	199.1441	4036.2437
199.1552	199.1552	14174.8702
200.0620	200.0620	90044.1817
200.0705	200.0705	49919.0268
200.0818	200.0818	20838.483
200.1029	200.1029	13987.2389
200.1069	200.1069	116179.8366
200.1141	200.1141	61685.8784
200.1182	200.1182	32327.0444
200.1393	200.1393	21400.7915
200.1434	200.1434	4735.7776
200.1505	200.1505	36496.8868
200.9956	200.9956	6551.2268
201.0572	201.0572	26900.0894
201.0657	201.0657	24355.0779
201.1022	201.1022	79647.5158
201.1134	201.1134	4636.0808
201.1233	201.1233	29043.1139
201.1385	201.1385	38524.3525
202.0650	202.0650	39091.0383
202.0776	202.0776	286549.0648
202.0862	202.0862	59099.7515
202.0974	202.0974	30559.7601
202.1226	202.1226	104096.5589
202.1298	202.1298	6457.3093
202.1338	202.1338	8490.5268
203.0603	203.0603	13373.877
203.0728	203.0728	100877.0181
203.0813	203.0813	71063.0259
203.0854	203.0854	67387.2619
203.0926	203.0926	10312.6239
203.1178	203.1178	50744.6713
203.1291	203.1291	6262.1608
204.0767	204.0767	19979.5072
204.0808	204.0808	440580.6998
204.1020	204.1020	15473.7663
204.1132	204.1132	38770.1338
204.1383	204.1383	14744.2527
204.1496	204.1496	7512.4948
205.0648	205.0648	23953.0825
205.0721	205.0721	8951.2182
205.0761	205.0761	185341.6558
205.0842	205.0842	51210.7434
205.0886	205.0886	76086.3911
205.0972	205.0972	38968.5072
205.1085	205.1085	42409.8837
205.1336	205.1336	22900.8723
205.1448	205.1448	4183.0927
206.0713	206.0713	11653.5024
206.0795	206.0795	9826.2851
206.0839	206.0839	134124.6763
206.0924	206.0924	66250.5442
206.0965	206.0965	164020.6598
206.1288	206.1288	54973.3777
207.0679	207.0679	9292.5907
207.0765	207.0765	29938.0452
207.0791	207.0791	25181.1007
207.0805	207.0805	7019.5714
207.0877	207.0877	60207.5774
207.0917	207.0917	158614.8781
207.0998	207.0998	8448.4502
207.1043	207.1043	20181.8954
207.1128	207.1128	82376.4554
207.1241	207.1241	56067.1307
207.1492	207.1492	15175.7881
207.1605	207.1605	4436.4458
208.0717	208.0717	7573.3166
208.0757	208.0757	35843.4913
208.0870	208.0870	56450.1592
208.0951	208.0951	9574.2257
208.0995	208.0995	31949.1978
208.1081	208.1081	124692.4815
208.1121	208.1121	58007.7577
208.1445	208.1445	87621.8131
209.0710	209.0710	39407.3532
209.0836	209.0836	4205.2324
209.0921	209.0921	71990.5268
209.1033	209.1033	145109.0557
209.1074	209.1074	135240.4418
209.1285	209.1285	90880.1346
209.1397	209.1397	49568.1408
209.1649	209.1649	4836.7066
209.9961	209.9961	37850.773
210.0874	210.0874	57977.1717
210.0914	210.0914	54175.389
210.1026	210.1026	77728.2406
210.1107	210.1107	6225.0946
210.1125	210.1125	5453.649
210.1238	210.1238	60888.459
210.1278	210.1278	9735.8416
210.1350	210.1350	8759.9377
210.1601	210.1601	62393.0445
211.0164	211.0164	4639.9783
211.0543	211.0543	9367.577
211.0714	211.0714	4767.7004
211.0866	211.0866	100454.2683
211.1078	211.1078	60032.8169
211.1190	211.1190	314751.7212
211.1230	211.1230	60082.9368
211.1441	211.1441	84846.738
211.1554	211.1554	96478.5083
212.0117	212.0117	6392.4335
212.0707	212.0707	6872.8852
212.0819	212.0819	17814.6084
212.1030	212.1030	106426.0782
212.1071	212.1071	29020.1942
212.1142	212.1142	89141.2986
212.1183	212.1183	49655.6596
212.1224	212.1224	12454.916
212.1394	212.1394	53757.7202
212.9958	212.9958	6013.8145
213.0659	213.0659	8450.4958
213.0699	213.0699	83672.5093
213.0870	213.0870	22547.2584
213.1023	213.1023	83551.2943
213.1234	213.1234	13915.3758
213.1346	213.1346	56801.1395
213.1387	213.1387	16658.7836
213.1598	213.1598	6540.4668
213.1710	213.1710	21021.4438
214.0652	214.0652	68778.7711
214.0863	214.0863	16492.9673
214.0975	214.0975	16154.9759
214.1186	214.1186	10097.0699
214.1227	214.1227	12603.9918
214.1299	214.1299	79210.634
214.1339	214.1339	6765.4505
214.1550	214.1550	9458.4692
214.1663	214.1663	5274.499
215.0730	215.0730	61991.2176
215.0816	215.0816	28551.9273
215.0857	215.0857	112796.6352
215.1181	215.1181	68246.8424
215.1391	215.1391	7160.5104
215.1505	215.1505	4213.881
215.1544	215.1544	5036.6756
216.0657	216.0657	6853.2221
216.0684	216.0684	34948.109
216.0767	216.0767	12371.5925
216.0809	216.0809	172858.5418
216.0890	216.0890	5238.7594
216.1021	216.1021	17562.3441
216.1133	216.1133	26546.0131
216.1245	216.1245	10410.3736
216.1345	216.1345	6121.4562
216.1384	216.1384	9229.7537
216.1456	216.1456	7788.2311
217.0762	217.0762	43562.3924
217.0843	217.0843	13964.8235
217.0888	217.0888	261237.9447
217.0973	217.0973	36931.7757
217.1085	217.1085	43642.9831
217.1337	217.1337	74933.9662
218.0840	218.0840	73316.012
218.0923	218.0923	50923.9732
218.0966	218.0966	165418.2296
218.1177	218.1177	13835.9972
218.1289	218.1289	19804.3594
219.0765	219.0765	6880.8275
219.0806	219.0806	28279.4481
219.0877	219.0877	14170.7023
219.0918	219.0918	157657.7869
219.1000	219.1000	13127.7268
219.1044	219.1044	17643.754
219.1129	219.1129	20381.3343
219.1242	219.1242	32837.0499
219.1494	219.1494	17873.4916
220.0057	220.0057	7361.5244
220.0718	220.0718	6530.4779
220.0758	220.0758	71276.7668
220.0871	220.0871	54265.7229
220.0952	220.0952	7360.2659
220.0997	220.0997	23530.3194
220.1082	220.1082	48034.9459
220.1122	220.1122	71900.7871
220.1446	220.1446	20966.9287
221.0711	221.0711	32711.3717
221.0922	221.0922	22774.8153
221.0949	221.0949	6401.4296
221.1034	221.1034	66041.4305
221.1075	221.1075	80893.1615
221.1286	221.1286	37662.9818
221.1398	221.1398	34909.8034
222.0875	222.0875	30178.2544
222.0915	222.0915	37443.4339
222.1027	222.1027	46638.1744
222.1153	222.1153	4107.1149
222.1239	222.1239	94002.8144
222.1279	222.1279	6029.3991
222.1602	222.1602	16177.6947
223.0827	223.0827	5813.7698
223.0867	223.0867	55635.2132
223.1078	223.1078	39004.8669
223.1191	223.1191	77897.1155
223.1231	223.1231	49496.0937
223.1442	223.1442	20790.2287
223.1555	223.1555	60154.1539
224.0622	224.0622	14951.805
224.0820	224.0820	6452.1998
224.1031	224.1031	74735.1555
224.1071	224.1071	15938.1662
224.1144	224.1144	6406.7459
224.1183	224.1183	35569.3368
224.1395	224.1395	69706.1867
224.1507	224.1507	10213.6459
224.1758	224.1758	4994.6121
225.0575	225.0575	4648.2734
225.0659	225.0659	6071.5604
225.0871	225.0871	6591.9188
225.0983	225.0983	19281.3813
225.1024	225.1024	50796.7776
225.1235	225.1235	34089.0458
225.1347	225.1347	96369.9743
225.1387	225.1387	32820.4228
225.1598	225.1598	9926.7106
225.1711	225.1711	130780.6928
226.0778	226.0778	88567.7326
226.0823	226.0823	11739.0621
226.0865	226.0865	4112.3957
226.0976	226.0976	19307.671
226.1187	226.1187	124786.2303
226.1227	226.1227	6140.1065
226.1300	226.1300	94309.3463
226.1340	226.1340	12720.1713
226.1551	226.1551	47031.0793
226.1664	226.1664	8682.9421
227.0223	227.0223	41538.5916
227.0731	227.0731	53882.2535
227.0815	227.0815	21604.6795
227.0856	227.0856	17325.4196
227.1028	227.1028	33781.2922
227.1140	227.1140	63969.7709
227.1180	227.1180	45492.7466
227.1504	227.1504	4984.2292
227.1544	227.1544	6653.8075
227.1868	227.1868	32962.6744
228.0809	228.0809	146014.6853
228.0935	228.0935	17077.0914
228.0979	228.0979	4378.4367
228.1020	228.1020	9580.6398
228.1133	228.1133	37092.5811
228.1232	228.1232	56400.6153
228.1345	228.1345	28676.7375
228.1457	228.1457	98298.8687
228.1708	228.1708	23384.3644
228.1821	228.1821	17443.4203
229.0016	229.0016	7373.3307
229.0762	229.0762	81663.7189
229.0843	229.0843	10331.2033
229.0887	229.0887	30116.9701
229.0973	229.0973	27023.8914
229.1297	229.1297	42654.6926
229.1337	229.1337	25968.5911
229.1409	229.1409	4210.0628
230.0840	230.0840	30011.7832
230.0925	230.0925	6775.8695
230.0966	230.0966	163112.5024
230.1137	230.1137	6849.5702
230.1177	230.1177	4613.2039
230.1290	230.1290	17983.597
230.1613	230.1613	7694.6864
231.0877	231.0877	4056.1538
231.0918	231.0918	91300.3484
231.0999	231.0999	12067.7444
231.1044	231.1044	30546.4175
231.1129	231.1129	34147.3525
231.1242	231.1242	26445.7023
231.1493	231.1493	53215.7898
231.1565	231.1565	7954.4301
232.0758	232.0758	6530.926
232.0871	232.0871	8672.3753
232.0997	232.0997	40497.6067
232.1081	232.1081	15532.1675
232.1122	232.1122	51835.069
232.1195	232.1195	14319.1451
232.1333	232.1333	5460.4106
232.1446	232.1446	12873.091
233.0837	233.0837	12479.3322
233.0922	233.0922	13425.4158
233.0950	233.0950	5970.8886
233.1034	233.1034	30829.6896
233.1075	233.1075	74685.2423
233.1286	233.1286	45032.983
233.1399	233.1399	19938.6473
233.1650	233.1650	15200.2212
234.0874	234.0874	6735.5899
234.0915	234.0915	33814.7463
234.1027	234.1027	40780.9243
234.1238	234.1238	52372.2556
234.1279	234.1279	4797.2937
234.1351	234.1351	24491.9392
234.1602	234.1602	10093.7863
235.0827	235.0827	12584.436
235.0867	235.0867	27244.5826
235.1078	235.1078	18251.6366
235.1191	235.1191	104656.826
235.1231	235.1231	29274.4834
235.1442	235.1442	17032.92
235.1555	235.1555	26105.8136
236.0820	236.0820	8480.7571
236.1031	236.1031	39858.8281
236.1071	236.1071	20309.4741
236.1143	236.1143	5772.4534
236.1184	236.1184	20012.9146
236.1395	236.1395	74724.4475
236.1507	236.1507	12219.0405
237.0700	237.0700	22981.5384
237.0983	237.0983	37544.3576
237.1024	237.1024	23028.5863
237.1235	237.1235	20539.9817
237.1347	237.1347	144048.7203
237.1388	237.1388	11251.3625
237.1599	237.1599	6420.4038
237.1712	237.1712	6159.8778
238.0653	238.0653	12547.8752
238.0824	238.0824	10832.8955
238.0976	238.0976	13368.8802
238.1187	238.1187	53930.3995
238.1228	238.1228	5609.5305
238.1300	238.1300	18961.9026
238.1340	238.1340	9357.4817
238.1551	238.1551	73419.9921
238.1664	238.1664	7060.8576
239.0816	239.0816	12178.8811
239.0856	239.0856	66715.9663
239.1028	239.1028	4027.7628
239.1140	239.1140	60469.4358
239.1180	239.1180	20579.7544
239.1392	239.1392	8390.1455
239.1504	239.1504	136075.8916
240.0809	240.0809	75343.3028
240.0891	240.0891	4447.4466
240.0980	240.0980	23968.8818
240.1133	240.1133	11023.0103
240.1344	240.1344	85555.5047
240.1456	240.1456	65199.452
240.1708	240.1708	13979.9079
240.1820	240.1820	5343.3038
241.0760	241.0760	7696.7391
241.0887	241.0887	113758.7233
241.0972	241.0972	8702.8394
241.1014	241.1014	4418.0398
241.1183	241.1183	4441.3525
241.1296	241.1296	87956.5315
241.1336	241.1336	21585.9004
241.1660	241.1660	10446.1736
242.0840	242.0840	56322.6698
242.0922	242.0922	16507.333
242.0965	242.0965	76562.0337
242.1137	242.1137	6113.9225
242.1249	242.1249	14656.9024
242.1289	242.1289	28447.0462
242.1500	242.1500	17464.3102
242.1612	242.1612	47337.6633
242.1864	242.1864	4638.3251
242.1976	242.1976	29584.6139
243.0876	243.0876	10298.615
243.0918	243.0918	95309.7537
243.1044	243.1044	22470.8751
243.1129	243.1129	24308.7211
243.1453	243.1453	44340.3624
243.1493	243.1493	10766.6506
243.1566	243.1566	8980.3749
244.0758	244.0758	10086.4897
244.0871	244.0871	9790.759
244.0953	244.0953	4345.373
244.0997	244.0997	14519.5883
244.1081	244.1081	10569.0065
244.1122	244.1122	50297.9585
244.1293	244.1293	9001.9136
244.1406	244.1406	15413.7368
244.1446	244.1446	18943.367
245.0922	245.0922	6116.5827
245.1033	245.1033	5166.7548
245.1075	245.1075	66756.1465
245.1286	245.1286	33689.5285
245.1398	245.1398	6261.1178
245.1722	245.1722	10543.1327
246.0915	246.0915	20675.2319
246.1027	246.1027	17748.6672
246.1238	246.1238	12753.9646
246.1278	246.1278	5877.4878
246.1337	246.1337	50465.0135
247.0867	247.0867	11412.9378
247.1079	247.1079	8048.1114
247.1190	247.1190	17036.319
247.1231	247.1231	24455.4891
247.1443	247.1443	21369.8847
247.1554	247.1554	8362.5496
248.1031	248.1031	5522.5767
248.1071	248.1071	13106.6417
248.1143	248.1143	5537.5951
248.1184	248.1184	8500.183
248.1395	248.1395	20026.0732
248.1508	248.1508	4365.2213
249.0984	249.0984	35646.1298
249.1024	249.1024	13177.6139
249.1235	249.1235	16990.1008
249.1347	249.1347	65820.2397
249.1387	249.1387	5617.689
249.1460	249.1460	6088.9622
249.1598	249.1598	9427.8928
249.1711	249.1711	5250.4027
250.0778	250.0778	16070.7839
250.1187	250.1187	34066.4803
250.1300	250.1300	20781.5196
250.1340	250.1340	4013.3106
250.1551	250.1551	26101.6442
250.1663	250.1663	10196.8924
251.0730	251.0730	9367.7121
251.1140	251.1140	101957.0016
251.1179	251.1179	10772.2743
251.1391	251.1391	4766.1091
251.1504	251.1504	113055.1432
251.1616	251.1616	6157.3211
252.0808	252.0808	24079.8651
252.0935	252.0935	26441.0462
252.0980	252.0980	30982.3615
252.1092	252.1092	14711.0157
252.1132	252.1132	4687.6391
252.1344	252.1344	50670.1262
252.1456	252.1456	60756.257
252.1708	252.1708	19075.5656
252.1820	252.1820	4779.1479
253.0761	253.0761	17552.1477
253.0887	253.0887	16041.4171
253.0932	253.0932	5203.7639
253.0971	253.0971	7683.5232
253.1296	253.1296	24662.4866
253.1336	253.1336	7058.6331
253.1660	253.1660	191281.0757
254.0923	254.0923	4422.6486
254.0965	254.0965	86500.9512
254.1136	254.1136	25410.1295
254.1249	254.1249	89062.3071
254.1289	254.1289	5048.3335
254.1500	254.1500	53543.217
254.1612	254.1612	140399.4635
254.1694	254.1694	4674.3086
255.0917	255.0917	69416.903
255.1044	255.1044	8534.54
255.1088	255.1088	48791.9866
255.1129	255.1129	7577.2645
255.1453	255.1453	13955.0066
255.1493	255.1493	4863.9271
255.1564	255.1564	8222.6903
255.1645	255.1645	4081.0693
255.1817	255.1817	20878.3058
256.0870	256.0870	4788.3343
256.0952	256.0952	4250.8938
256.0996	256.0996	49234.8565
256.1081	256.1081	5111.156
256.1121	256.1121	27016.3509
256.1292	256.1292	11718.0932
256.1405	256.1405	34098.6234
256.1445	256.1445	8119.852
256.1769	256.1769	62114.5719
257.1031	257.1031	4550.0125
257.1074	257.1074	51804.7408
257.1245	257.1245	8947.965
257.1285	257.1285	7971.0011
257.1398	257.1398	9581.9714
257.1609	257.1609	6266.7394
257.1722	257.1722	8322.6329
258.1027	258.1027	10617.1161
258.1238	258.1238	16952.3247
258.1279	258.1279	6544.106
258.1562	258.1562	24033.0949
258.1602	258.1602	7385.9061
259.0868	259.0868	5052.0928
259.1079	259.1079	7481.0301
259.1231	259.1231	27657.2822
259.1442	259.1442	8912.9194
259.1555	259.1555	44293.6173
260.1030	260.1030	3236.0778
260.1070	260.1070	5936.9144
260.1144	260.1144	1556.3734
260.1184	260.1184	7076.7592
260.1396	260.1396	13214.017
260.1435	260.1435	1098.7356
260.1507	260.1507	2404.5958
260.1719	260.1719	3192.1697
260.1759	260.1759	1646.9593
261.0700	261.0700	1795.7696
261.0982	261.0982	5161.181
261.1024	261.1024	6238.7877
261.1235	261.1235	20378.1539
261.1348	261.1348	11554.4801
261.1388	261.1388	3241.0042
261.1601	261.1601	4704.9373
261.1712	261.1712	16199.8191
262.0863	262.0863	1024.045
262.1188	262.1188	8605.6788
262.1300	262.1300	23176.1586
262.1339	262.1339	3044.182
262.1552	262.1552	17604.8854
262.1664	262.1664	1396.5222
263.0857	263.0857	10777.5987
263.1140	263.1140	19561.2059
263.1179	263.1179	4360.8115
263.1391	263.1391	2700.4916
263.1504	263.1504	37807.3205
263.1544	263.1544	1085.7545
263.1869	263.1869	1155.7804
264.0809	264.0809	15988.3917
264.0980	264.0980	4113.2059
264.1093	264.1093	5118.3347
264.1134	264.1134	1768.2265
264.1345	264.1345	16544.4201
264.1457	264.1457	14688.0344
264.1708	264.1708	15256.442
264.1820	264.1820	1429.9235
265.0762	265.0762	1460.1631
265.0887	265.0887	22122.5043
265.0933	265.0933	4457.6744
265.1013	265.1013	2562.9017
265.1297	265.1297	35732.5374
265.1337	265.1337	4395.4839
265.1549	265.1549	1949.571
265.1660	265.1660	27358.5888
266.0840	266.0840	18026.3609
266.0966	266.0966	22379.5648
266.1137	266.1137	15377.8943
266.1249	266.1249	32858.9987
266.1289	266.1289	5295.7397
266.1501	266.1501	35188.0916
266.1613	266.1613	25415.5225
266.1864	266.1864	3561.1016
266.9992	266.9992	1913.4092
267.0918	267.0918	23494.1189
267.1044	267.1044	13229.7964
267.1090	267.1090	13872.9306
267.1130	267.1130	2166.1971
267.1453	267.1453	18396.0945
267.1493	267.1493	5744.0411
267.1566	267.1566	3031.0171
267.1817	267.1817	10028.3702
268.0929	268.0929	1393.3895
268.0996	268.0996	10024.0858
268.1081	268.1081	3599.465
268.1122	268.1122	12366.6681
268.1293	268.1293	13327.5433
268.1405	268.1405	107057.3801
268.1447	268.1447	2595.0993
268.1657	268.1657	19454.7116
268.1769	268.1769	92827.341
268.9787	268.9787	1449.1408
269.0950	269.0950	1192.1048
269.1074	269.1074	42278.3914
269.1246	269.1246	59157.6505
269.1287	269.1287	2103.9912
269.1358	269.1358	6300.4074
269.1397	269.1397	1068.0812
269.1439	269.1439	1331.2776
269.1610	269.1610	14330.6438
269.1721	269.1721	7264.2235
270.0915	270.0915	1847.8104
270.1026	270.1026	3823.4838
270.1087	270.1087	2316.0146
270.1153	270.1153	2804.586
270.1238	270.1238	8350.3449
270.1279	270.1279	3681.5491
270.1449	270.1449	7539.4308
270.1562	270.1562	19899.3787
270.1601	270.1601	2316.0697
270.1812	270.1812	2488.1158
270.1926	270.1926	76371.7152
271.1078	271.1078	1932.8843
271.1190	271.1190	1733.3324
271.1229	271.1229	18373.3193
271.1402	271.1402	6865.6776
271.1441	271.1441	1678.8503
271.1514	271.1514	48401.5249
271.1765	271.1765	5056.6269
271.1879	271.1879	22842.6171
272.1029	272.1029	1390.2561
272.1069	272.1069	1004.089
272.1183	272.1183	3549.189
272.1354	272.1354	18456.3295
272.1394	272.1394	8146.0427
272.1718	272.1718	1028.9914
272.1758	272.1758	1852.4642
272.2082	272.2082	5502.9608
273.1023	273.1023	3039.0404
273.1237	273.1237	1000.9594
273.1347	273.1347	6282.3125
273.1386	273.1386	3418.2232
273.1598	273.1598	1837.5366
273.1671	273.1671	1772.2784
273.2035	273.2035	5062.6651
274.0779	274.0779	1860.8863
274.1187	274.1187	1704.9281
274.1300	274.1300	2489.7767
274.1339	274.1339	1510.4031
274.1551	274.1551	7383.0172
275.0730	275.0730	1101.9244
275.1028	275.1028	1063.6037
275.1139	275.1139	1787.2008
275.1180	275.1180	2249.0357
275.1250	275.1250	1788.3117
275.1391	275.1391	2957.8152
275.1503	275.1503	30066.4365
276.0936	276.0936	8708.2216
276.1345	276.1345	6681.8658
276.1457	276.1457	6264.956
276.1708	276.1708	5856.3138
276.1820	276.1820	3790.8657
277.0763	277.0763	1240.692
277.0888	277.0888	3641.3196
277.0971	277.0971	1426.3569
277.1186	277.1186	1060.8756
277.1297	277.1297	12651.6645
277.1335	277.1335	1022.4589
277.1409	277.1409	56352.0091
277.1548	277.1548	2124.9253
277.1661	277.1661	27974.1407
278.0966	278.0966	20701.3037
278.1136	278.1136	5017.2067
278.1250	278.1250	15662.4676
278.1501	278.1501	14982.3801
278.1614	278.1614	9473.8413
278.1865	278.1865	3568.4226
278.1977	278.1977	2147.5213
278.8652	278.8652	8785.7061
279.0918	279.0918	18066.2995
279.1089	279.1089	5223.8511
279.1453	279.1453	27648.5937
279.1566	279.1566	13981.442
279.1817	279.1817	17642.9314
280.0996	280.0996	5220.119
280.1122	280.1122	6402.57
280.1293	280.1293	11197.7968
280.1406	280.1406	27839.2434
280.1657	280.1657	23815.7647
280.1769	280.1769	16942.1695
280.2021	280.2021	1613.1182
281.0948	281.0948	1920.167
281.1075	281.1075	22907.1974
281.1246	281.1246	9846.23
281.1287	281.1287	1961.5486
281.1398	281.1398	1169.1362
281.1610	281.1610	17682.4177
281.1722	281.1722	5259.6048
281.1974	281.1974	3152.5042
282.1028	282.1028	2872.2241
282.1085	282.1085	2465.0802
282.1152	282.1152	3819.4106
282.1239	282.1239	2172.6201
282.1280	282.1280	1000.9393
282.1450	282.1450	5802.383
282.1562	282.1562	48504.3306
282.1814	282.1814	10155.1089
282.1926	282.1926	31734.0788
283.1232	283.1232	10485.7111
283.1402	283.1402	13056.4788
283.1443	283.1443	2862.6046
283.1515	283.1515	15464.1593
283.1766	283.1766	6655.271
283.1879	283.1879	8179.9626
284.1031	284.1031	1042.9782
284.1069	284.1069	1406.8281
284.1184	284.1184	2188.5871
284.1242	284.1242	2101.635
284.1355	284.1355	9948.2836
284.1395	284.1395	10012.3715
284.1607	284.1607	3783.1915
284.1719	284.1719	12630.7598
284.2082	284.2082	14517.2627
285.1024	285.1024	1899.323
285.1348	285.1348	14220.7193
285.1387	285.1387	4428.1211
285.1558	285.1558	4817.7656
285.1599	285.1599	1601.0102
285.1671	285.1671	51214.391
285.1923	285.1923	2796.6217
285.2035	285.2035	22127.3402
286.1188	286.1188	2642.7014
286.1224	286.1224	1226.4756
286.1340	286.1340	1164.2433
286.1398	286.1398	1254.1545
286.1512	286.1512	31907.4963
286.1550	286.1550	4132.1503
286.1875	286.1875	1719.6115
287.1179	287.1179	1782.0518
287.1504	287.1504	39239.0256
287.1543	287.1543	2379.9064
287.1828	287.1828	6586.5188
287.2191	287.2191	14972.032
288.1345	288.1345	9559.2659
288.1456	288.1456	1578.7841
288.1492	288.1492	2166.1007
288.1709	288.1709	2400.2263
288.1780	288.1780	3560.3201
288.2031	288.2031	1336.3589
289.1012	289.1012	1487.6728
289.1296	289.1296	2790.6747
289.1620	289.1620	2145.9242
289.1660	289.1660	9838.1183
290.0840	290.0840	1784.7389
290.0965	290.0965	3792.6452
290.1251	290.1251	4466.2761
290.1500	290.1500	5206.5046
290.1612	290.1612	7697.448
291.1044	291.1044	4967.5927
291.1453	291.1453	16277.2824
291.1565	291.1565	1326.0083
291.1816	291.1816	3941.1275
292.0997	292.0997	5627.9008
292.1122	292.1122	3085.6021
292.1293	292.1293	6348.845
292.1406	292.1406	19937.5888
292.1657	292.1657	11316.701
292.1769	292.1769	18180.7068
292.2021	292.2021	1804.4268
293.1074	293.1074	10954.8753
293.1246	293.1246	4817.4414
293.1609	293.1609	29536.6821
293.1722	293.1722	2362.646
293.1972	293.1972	4006.4913
294.1025	294.1025	2440.0779
294.1155	294.1155	1433.7928
294.1199	294.1199	4926.6808
294.1450	294.1450	11162.4524
294.1562	294.1562	62142.5821
294.1674	294.1674	17515.5539
294.1813	294.1813	7927.6848
294.1927	294.1927	10608.0725
295.1038	295.1038	1356.2388
295.1231	295.1231	6598.1339
295.1404	295.1404	12945.0706
295.1514	295.1514	2335.0466
295.1767	295.1767	18448.8763
295.1879	295.1879	5583.9395
296.1182	296.1182	2165.898
296.1243	296.1243	1431.4397
296.1355	296.1355	6811.0749
296.1607	296.1607	10030.3134
296.1719	296.1719	31341.5973
296.1831	296.1831	3805.183
296.1971	296.1971	4472.5397
296.2083	296.2083	18617.4417
297.1196	297.1196	3443.0579
297.1387	297.1387	2518.5636
297.1559	297.1559	14864.3256
297.1672	297.1672	24663.5534
297.1922	297.1922	6591.0548
297.2035	297.2035	12239.8222
298.1188	298.1188	1091.6235
298.1342	298.1342	1452.1565
298.1398	298.1398	4935.487
298.1512	298.1512	14391.3982
298.1552	298.1552	2772.5821
298.1665	298.1665	1611.4519
298.1762	298.1762	3200.3348
298.1876	298.1876	17998.4097
298.2240	298.2240	8442.0484
299.1179	299.1179	1286.4489
299.1465	299.1465	3833.9996
299.1504	299.1504	1671.9858
299.1715	299.1715	5479.5601
299.1828	299.1828	35761.1263
299.2080	299.2080	3120.6584
299.2192	299.2192	16962.5296
300.1303	300.1303	2041.935
300.1345	300.1345	3347.4097
300.1556	300.1556	1678.8298
300.1668	300.1668	6747.2014
300.1709	300.1709	2488.2532
300.1780	300.1780	1556.9683
300.1819	300.1819	1353.9268
300.2032	300.2032	1665.8683
301.0642	301.0642	95719.7442
301.1297	301.1297	4743.5304
301.1507	301.1507	1627.6603
301.1620	301.1620	2251.4591
301.1661	301.1661	2266.4071
301.1983	301.1983	3020.4007
301.2352	301.2352	1059.0294
302.0966	302.0966	2650.7861
302.1137	302.1137	1767.927
302.1500	302.1500	4120.5857
302.1613	302.1613	6760.207
302.1938	302.1938	3395.0956
302.8185	302.8185	2287.7018
303.0919	303.0919	4218.0268
303.1453	303.1453	37093.8691
303.1778	303.1778	5343.3022
303.1818	303.1818	1955.7827
304.0994	304.0994	1208.8696
304.1122	304.1122	2732.7831
304.1294	304.1294	4290.3177
304.1405	304.1405	3641.9614
304.1657	304.1657	1874.2353
304.1770	304.1770	22755.6614
305.1074	305.1074	4362.1704
305.1247	305.1247	2352.5016
305.1358	305.1358	2105.5933
305.1610	305.1610	20443.2347
305.1722	305.1722	1460.6219
305.1975	305.1975	2533.5045
306.1154	306.1154	2317.331
306.1198	306.1198	4025.8696
306.1451	306.1451	3418.467
306.1562	306.1562	19084.4148
306.1600	306.1600	1005.6796
306.1814	306.1814	2662.8042
306.1926	306.1926	7504.1406
307.1232	307.1232	2169.5296
307.1402	307.1402	4395.2353
307.1514	307.1514	1979.9708
307.1766	307.1766	28591.2774
307.1879	307.1879	2978.2981
307.2128	307.2128	2811.7163
308.1184	308.1184	1276.8533
308.1354	308.1354	19128.4933
308.1606	308.1606	7131.8723
308.1719	308.1719	58039.0428
308.1971	308.1971	2687.3883
308.2082	308.2082	5661.4988
309.1194	309.1194	6653.4061
309.1347	309.1347	1168.8321
309.1388	309.1388	2890.2251
309.1559	309.1559	13288.1672
309.1671	309.1671	7238.3288
309.1922	309.1922	13430.6487
309.2035	309.2035	4129.6079
309.3265	309.3265	5886.9119
310.1398	310.1398	3163.2588
310.1511	310.1511	6818.1908
310.1553	310.1553	1094.0608
310.1763	310.1763	5997.6728
310.1875	310.1875	60377.2719
310.2125	310.2125	2623.8873
310.2237	310.2237	4247.8425
311.1352	311.1352	4243.5124
311.1463	311.1463	5349.388
311.1505	311.1505	2066.4584
311.1715	311.1715	27213.9126
311.1828	311.1828	45032.6213
311.1939	311.1939	1319.8795
311.2078	311.2078	5041.7458
311.2191	311.2191	5965.4543
312.1303	312.1303	2466.5127
312.1493	312.1493	1385.1368
312.1555	312.1555	3511.1792
312.1667	312.1667	15662.2737
312.1706	312.1706	1283.4385
312.1780	312.1780	1967.24
312.1917	312.1917	1332.9721
312.2031	312.2031	11869.9187
313.1296	313.1296	1143.0042
313.1508	313.1508	3143.7711
313.1620	313.1620	7668.7435
313.1661	313.1661	1206.8429
313.1697	313.1697	1234.4775
313.1871	313.1871	3749.0034
313.1984	313.1984	46400.1403
313.2235	313.2235	1296.6357
313.2348	313.2348	6306.012
314.1459	314.1459	2924.1183
314.1501	314.1501	3934.4729
314.1824	314.1824	5638.6998
314.1935	314.1935	6028.3999
314.2021	314.2021	1116.4658
314.2188	314.2188	2551.4755
315.1044	315.1044	1144.1623
315.1453	315.1453	2369.4969
315.1778	315.1778	7609.5009
315.1818	315.1818	1660.8846
315.2141	315.2141	6431.3947
316.0998	316.0998	2041.9638
316.1657	316.1657	1439.9665
316.1769	316.1769	4786.6803
317.1076	317.1076	2980.6505
317.1610	317.1610	1301.2854
317.1932	317.1932	1961.1113
318.1450	318.1450	2525.318
318.1562	318.1562	8391.1964
318.1927	318.1927	8403.0153
319.1231	319.1231	1640.73
319.1403	319.1403	1628.8326
319.1515	319.1515	1348.9494
319.1767	319.1767	7053.442
320.1186	320.1186	1037.8057
320.1243	320.1243	1098.5333
320.1355	320.1355	5934.2969
320.1605	320.1605	1033.6222
320.1719	320.1719	43349.8025
320.1971	320.1971	1709.3697
320.2084	320.2084	2314.1775
321.1196	321.1196	1061.4689
321.1559	321.1559	8823.8987
321.1671	321.1671	3345.2377
321.1924	321.1924	7354.4751
321.2036	321.2036	4357.5403
322.1341	322.1341	1741.6987
322.1400	322.1400	1829.1827
322.1512	322.1512	18589.0806
322.1764	322.1764	3775.161
322.1876	322.1876	43220.9462
322.2128	322.2128	1678.4223
322.2240	322.2240	3186.3923
323.1351	323.1351	5529.3896
323.1464	323.1464	2482.5736
323.1716	323.1716	23525.4311
323.1827	323.1827	8960.7007
323.1908	323.1908	1508.9537
323.2080	323.2080	3590.4281
323.2192	323.2192	2654.762
324.1303	324.1303	3519.9132
324.1556	324.1556	1529.0282
324.1668	324.1668	13829.3796
324.1919	324.1919	1771.6215
324.2032	324.2032	35670.1049
324.2282	324.2282	1084.6413
324.2397	324.2397	1667.19
325.1509	325.1509	6197.9003
325.1620	325.1620	27689.1719
325.1872	325.1872	24287.3655
325.1985	325.1985	68731.6124
325.2236	325.2236	2100.9243
326.1461	326.1461	13055.1692
326.1573	326.1573	1056.0706
326.1613	326.1613	1751.0751
326.1714	326.1714	2014.2124
326.1824	326.1824	11393.5212
326.1937	326.1937	3790.3199
326.2190	326.2190	1870.0971
327.1298	327.1298	1055.0088
327.1666	327.1666	4612.7162
327.1777	327.1777	9551.8915
327.2031	327.2031	4242.9089
327.2141	327.2141	44522.6611
327.2505	327.2505	1610.766
328.1616	328.1616	1268.3779
328.1659	328.1659	2424.5202
328.1731	328.1731	1982.0847
328.1771	328.1771	1460.1539
328.1981	328.1981	2865.309
328.2094	328.2094	19368.2742
329.1074	329.1074	2029.1739
329.1570	329.1570	1007.0932
329.1609	329.1609	2721.1264
329.1933	329.1933	7125.9717
329.2297	329.2297	5708.6472
330.1028	330.1028	1506.7484
330.1451	330.1451	1076.1389
330.1562	330.1562	1918.3124
330.1813	330.1813	2261.3498
330.1887	330.1887	1162.0081
330.1927	330.1927	2118.969
330.3369	330.3369	1396.8915
331.1230	331.1230	1046.8526
331.1513	331.1513	1414.6548
331.1723	331.1723	1164.2208
331.1768	331.1768	3183.021
331.1878	331.1878	1299.286
332.0482	332.0482	1455.5221
332.1355	332.1355	1803.4664
332.1608	332.1608	1944.3518
332.1719	332.1719	9781.6792
332.2083	332.2083	4231.9551
333.1559	333.1559	2660.7208
333.1672	333.1672	5614.3177
333.1923	333.1923	3294.4747
334.1512	334.1512	6667.2545
334.1625	334.1625	1746.3776
334.1762	334.1762	1388.7633
334.1875	334.1875	15143.1655
335.1465	335.1465	1050.1931
335.1716	335.1716	8288.8686
335.1827	335.1827	7089.6001
335.2079	335.2079	4201.9313
335.2191	335.2191	2235.7534
336.1303	336.1303	1715.3621
336.1668	336.1668	19445.1745
336.2033	336.2033	24792.5729
336.2395	336.2395	961.5173
337.1507	337.1507	4939.8843
337.1621	337.1621	2624.8582
337.1872	337.1872	13529.9899
337.1984	337.1984	20713.8831
337.2237	337.2237	3039.5699
337.2348	337.2348	1267.5388
338.1462	338.1462	4112.7218
338.1825	338.1825	21129.0909
338.2188	338.2188	6771.5173
339.1299	339.1299	1271.281
339.1665	339.1665	29377.8939
339.1777	339.1777	20350.3323
339.2028	339.2028	12007.8765
339.2141	339.2141	38860.5191
339.2393	339.2393	2160.8502
340.1617	340.1617	11459.0281
340.1728	340.1728	4996.0642
340.1870	340.1870	1969.0454
340.1981	340.1981	29047.8544
340.2093	340.2093	5736.6858
341.1571	341.1571	2264.7377
341.1611	341.1611	2504.914
341.1821	341.1821	5687.4564
341.1934	341.1934	17534.4794
341.2184	341.2184	1871.7538
341.2297	341.2297	36951.1891
342.1813	342.1813	1066.2952
342.1887	342.1887	10319.2492
342.2137	342.2137	7699.1577
342.2250	342.2250	14931.4457
343.1726	343.1726	5390.4848
343.1881	343.1881	1032.7108
343.2089	343.2089	4014.61
343.2455	343.2455	2479.2212
344.1608	344.1608	1400.1341
344.1719	344.1719	4933.113
344.2048	344.2048	1306.3612
344.2081	344.2081	1121.7049
344.2406	344.2406	5379.8058
345.1558	345.1558	1245.0841
345.1669	345.1669	1597.7239
345.1884	345.1884	1279.0653
345.1924	345.1924	1268.1351
345.2247	345.2247	2171.8481
346.1512	346.1512	3680.8333
346.1764	346.1764	1228.1518
346.1875	346.1875	9307.9661
346.2238	346.2238	1344.2907
347.1716	347.1716	2709.1851
347.1829	347.1829	4176.9358
347.2079	347.2079	1940.0217
347.2193	347.2193	1516.4902
348.1301	348.1301	1015.7337
348.1668	348.1668	17710.3937
348.1779	348.1779	1739.0213
348.2032	348.2032	14993.3492
348.2398	348.2398	1376.6965
349.1509	349.1509	3487.203
349.1619	349.1619	2436.7953
349.1870	349.1870	5530.3542
349.1984	349.1984	8771.8939
349.2238	349.2238	1558.3677
350.1461	350.1461	1533.9869
350.1825	350.1825	25365.8516
350.1938	350.1938	3087.5242
350.2188	350.2188	21647.1775
351.1665	351.1665	7609.9297
351.1776	351.1776	13251.5657
351.2029	351.2029	5984.8626
351.2141	351.2141	12727.8656
351.2392	351.2392	1016.6892
352.1255	352.1255	2481.897
352.1618	352.1618	10592.9588
352.1982	352.1982	12786.1253
352.2093	352.2093	5363.917
352.2346	352.2346	4796.9801
353.1461	353.1461	1511.5077
353.1568	353.1568	1569.8725
353.1821	353.1821	5450.7297
353.1934	353.1934	23500.8219
353.2186	353.2186	5529.6624
353.2297	353.2297	30922.3856
354.1774	354.1774	14212.1726
354.1886	354.1886	3271.4944
354.2137	354.2137	14401.4228
354.2250	354.2250	11039.0774
355.1726	355.1726	6448.8125
355.1979	355.1979	3848.1409
355.2090	355.2090	18812.9478
355.2453	355.2453	13153.8778
356.2043	356.2043	12465.0919
356.2293	356.2293	3727.5812
356.2406	356.2406	13771.8708
357.1883	357.1883	5832.3024
357.1920	357.1920	1561.7406
357.2246	357.2246	15465.0014
358.1513	358.1513	1042.2
358.1874	358.1874	5230.4649
358.2200	358.2200	4381.2987
358.2563	358.2563	3770.1841
359.1713	359.1713	2626.6864
359.1830	359.1830	2017.2056
359.2042	359.2042	953.9651
359.2081	359.2081	1538.2478
359.2405	359.2405	1423.0026
360.1668	360.1668	4808.947
360.1781	360.1781	1010.7881
360.1991	360.1991	1362.052
360.2031	360.2031	3687.4253
361.1618	361.1618	2138.9372
361.1873	361.1873	3041.007
361.1985	361.1985	8572.5971
361.2349	361.2349	1008.1904
362.1461	362.1461	1767.8791
362.1825	362.1825	13850.7813
362.2187	362.2187	5218.4115
363.1664	363.1664	2583.4596
363.1777	363.1777	8743.1206
363.2029	363.2029	3550.2849
363.2141	363.2141	9800.5368
364.1617	364.1617	5203.8431
364.1981	364.1981	23173.2741
364.2094	364.2094	1521.0118
364.2344	364.2344	5706.5016
365.1568	365.1568	2526.6558
365.1822	365.1822	6303.3967
365.1934	365.1934	20294.7214
365.2186	365.2186	4898.8982
365.2297	365.2297	11448.4803
366.1409	366.1409	1478.2626
366.1774	366.1774	21959.415
366.1887	366.1887	2918.1883
366.2137	366.2137	6879.3598
366.2249	366.2249	3666.1133
366.2504	366.2504	4212.5795
367.1725	367.1725	1510.2049
367.1920	367.1920	1074.1634
367.1978	367.1978	5002.253
367.2090	367.2090	35694.6382
367.2203	367.2203	1839.4574
367.2343	367.2343	1871.5012
367.2454	367.2454	22702.215
368.1566	368.1566	1715.2813
368.1931	368.1931	12871.3938
368.2043	368.2043	15421.1111
368.2295	368.2295	4242.3587
368.2407	368.2407	7430.2639
369.1519	369.1519	1839.2564
369.1770	369.1770	1935.3168
369.1882	369.1882	10288.7484
369.1921	369.1921	1345.0536
369.2134	369.2134	1843.0191
369.2246	369.2246	13625.4302
369.2610	369.2610	8571.6024
370.1875	370.1875	2957.8828
370.2084	370.2084	2902.5422
370.2199	370.2199	18815.3548
370.2455	370.2455	1491.5017
370.2563	370.2563	7499.3167
371.1715	371.1715	1788.9587
371.2039	371.2039	5509.9433
371.2403	371.2403	6866.7062
372.1672	372.1672	1220.4166
372.1992	372.1992	1425.4357
372.2031	372.2031	2454.5818
372.2356	372.2356	3585.013
373.1874	373.1874	1383.2866
373.1985	373.1985	3636.273
373.2234	373.2234	1011.5702
374.1824	374.1824	8353.6006
374.2189	374.2189	3154.4874
374.2513	374.2513	1338.768
375.1664	375.1664	1511.8827
375.1774	375.1774	2199.4433
375.2028	375.2028	2569.0175
375.2140	375.2140	8702.0977
376.1618	376.1618	1354.6227
376.1981	376.1981	7611.8317
376.2097	376.2097	1031.5248
376.2345	376.2345	2687.3058
377.1571	377.1571	3615.3519
377.1824	377.1824	1714.6262
377.1934	377.1934	14528.8498
377.2184	377.2184	1455.6536
377.2298	377.2298	6011.2004
378.1774	378.1774	3033.356
378.1888	378.1888	1706.9179
378.2137	378.2137	7033.8655
378.2252	378.2252	1439.0142
378.2504	378.2504	1493.0145
379.1727	379.1727	5999.1922
379.1976	379.1976	3952.5902
379.2090	379.2090	22508.3274
379.2344	379.2344	1282.704
379.2454	379.2454	6400.3444
380.1565	380.1565	2153.1884
380.1930	380.1930	9939.1912
380.2043	380.2043	5230.5684
380.2293	380.2293	6533.681
380.2408	380.2408	2704.242
381.1884	381.1884	3339.5307
381.2134	381.2134	4058.8834
381.2246	381.2246	24370.1232
381.2611	381.2611	9000.9248
382.2086	382.2086	15708.8361
382.2199	382.2199	26633.6054
382.2451	382.2451	3780.6563
382.2562	382.2562	5526.1163
383.1676	383.1676	2075.6156
383.1926	383.1926	1338.1044
383.2038	383.2038	13060.2865
383.2152	383.2152	1074.572
383.2404	383.2404	6291.1926
383.2767	383.2767	3584.5425
384.2355	384.2355	37205.9013
384.2718	384.2718	4827.8061
385.1869	385.1869	1087.3573
385.2196	385.2196	8845.4923
385.2308	385.2308	2182.1443
385.2559	385.2559	1216.9093
386.1785	386.1785	4238.5091
386.1825	386.1825	2433.9157
386.2038	386.2038	1152.8058
386.2148	386.2148	4662.2618
386.2188	386.2188	2115.7435
386.2511	386.2511	8594.6558
387.1663	387.1663	1098.1778
387.2030	387.2030	1500.4549
387.2143	387.2143	4967.9781
388.1980	388.1980	6969.8073
389.1824	389.1824	1320.6096
389.1933	389.1933	7587.7039
389.2185	389.2185	1314.9778
389.2298	389.2298	6459.6873
390.2137	390.2137	5513.2224
390.2250	390.2250	3541.1882
391.1726	391.1726	3593.2763
391.1975	391.1975	3167.2003
391.2091	391.2091	17069.9225
391.2453	391.2453	3235.5026
392.1930	392.1930	4128.2939
392.2044	392.2044	2734.6798
392.2293	392.2293	6418.4392
392.2405	392.2405	6163.0783
393.1883	393.1883	13756.9782
393.2134	393.2134	2397.2257
393.2246	393.2246	21594.2316
393.2609	393.2609	4051.0418
394.1722	394.1722	1731.4387
394.1836	394.1836	1321.5908
394.2086	394.2086	6640.9229
394.2199	394.2199	7359.3919
394.2452	394.2452	3715.6671
394.2563	394.2563	4271.3002
395.1677	395.1677	1381.548
395.1928	395.1928	2020.3459
395.2038	395.2038	5840.3185
395.2152	395.2152	2311.5288
395.2290	395.2290	1852.0651
395.2404	395.2404	8611.3022
395.2766	395.2766	3581.2337
396.1881	396.1881	3657.1314
396.1992	396.1992	5114.5022
396.2242	396.2242	4417.0622
396.2355	396.2355	23117.3104
396.2720	396.2720	7694.2592
397.1831	397.1831	3771.7961
397.2196	397.2196	10855.1385
397.2308	397.2308	2964.6016
397.2389	397.2389	1430.0371
397.2559	397.2559	3668.7133
397.2923	397.2923	1807.6609
398.1827	398.1827	1102.8803
398.2039	398.2039	1464.4771
398.2149	398.2149	4445.8672
398.2187	398.2187	1135.5357
398.2397	398.2397	1282.6927
398.2512	398.2512	25161.0507
398.2875	398.2875	2839.9253
399.1986	399.1986	1673.8776
399.2352	399.2352	4808.7368
399.2464	399.2464	5671.6349
400.0534	400.0534	3209.8365
400.1942	400.1942	1603.1771
400.1979	400.1979	3754.1221
400.2305	400.2305	8324.156
400.2346	400.2346	1979.6108
400.2669	400.2669	6382.9436
401.0610	401.0610	3157.1085
401.1933	401.1933	2213.7384
401.2188	401.2188	1750.0318
401.2294	401.2294	3465.214
401.2623	401.2623	1347.6743
402.0689	402.0689	2773.4929
402.1773	402.1773	3584.1907
402.2137	402.2137	2232.0145
402.2249	402.2249	1002.2643
402.2460	402.2460	1690.3238
403.0768	403.0768	1235.2621
403.2089	403.2089	2797.0532
403.2451	403.2451	1679.2132
404.1930	404.1930	3827.5386
404.2042	404.2042	1323.1905
404.2295	404.2295	1410.9582
404.2404	404.2404	1916.5203
405.1881	405.1881	2719.8853
405.2136	405.2136	1240.6179
405.2246	405.2246	13836.6461
405.2612	405.2612	2003.4567
406.1721	406.1721	1465.7735
406.1834	406.1834	1914.9577
406.2088	406.2088	4254.7216
406.2201	406.2201	3759.7904
406.2451	406.2451	2687.9703
407.1673	407.1673	2266.7634
407.2039	407.2039	12298.4926
407.2402	407.2402	15468.5113
408.1881	408.1881	5031.7942
408.1991	408.1991	2404.1718
408.2243	408.2243	7538.6373
408.2355	408.2355	13255.8953
408.2608	408.2608	1765.3106
408.2720	408.2720	1617.6725
409.1835	409.1835	2064.2366
409.2196	409.2196	8592.5317
409.2561	409.2561	6433.2549
410.2036	410.2036	2942.745
410.2148	410.2148	8457.9774
410.2399	410.2399	3584.6563
410.2512	410.2512	20320.8443
411.1987	411.1987	7335.9847
411.2098	411.2098	1083.6539
411.2353	411.2353	9730.0159
411.2464	411.2464	5472.0498
411.2714	411.2714	2105.2192
412.0535	412.0535	2564.2496
412.1981	412.1981	1922.3479
412.2190	412.2190	1644.4115
412.2304	412.2304	12393.2807
412.2669	412.2669	16204.6289
412.3034	412.3034	1188.8417
413.0613	413.0613	3228.3797
413.1933	413.1933	1083.766
413.2259	413.2259	2031.8715
413.2507	413.2507	3793.1155
413.2619	413.2619	5729.2337
414.0564	414.0564	4524.2267
414.0689	414.0689	4973.1952
414.1775	414.1775	2544.0883
414.2097	414.2097	2266.558
414.2461	414.2461	5004.6387
414.2827	414.2827	2413.0964
415.0641	415.0641	3761.5878
415.0769	415.0769	2091.8044
415.2089	415.2089	4877.0226
415.2454	415.2454	2216.1928
415.2779	415.2779	3454.5947
416.0844	416.0844	1750.8699
416.1930	416.1930	1330.4683
416.2250	416.2250	1154.059
416.2294	416.2294	1010.4071
416.2614	416.2614	2633.4832
417.0796	417.0796	1579.158
417.1881	417.1881	1496.446
417.2247	417.2247	8539.7183
417.2613	417.2613	2252.7098
418.2198	418.2198	2672.4553
418.2449	418.2449	2253.5991
418.2562	418.2562	1191.9575
419.2038	419.2038	9434.3348
419.2402	419.2402	6185.9289
419.2769	419.2769	1449.7196
420.1880	420.1880	1192.8691
420.2243	420.2243	3685.0496
420.2355	420.2355	5824.3572
421.2196	421.2196	11479.7238
421.2312	421.2312	1059.4552
421.2559	421.2559	6945.5995
422.2036	422.2036	2854.9383
422.2148	422.2148	4866.1825
422.2399	422.2399	2802.1861
422.2511	422.2511	9389.2585
423.1987	423.1987	3180.8403
423.2101	423.2101	1131.0643
423.2352	423.2352	7311.408
423.2716	423.2716	3103.4828
424.0529	424.0529	1349.5018
424.1938	424.1938	1219.0027
424.2304	424.2304	8433.0638
424.2555	424.2555	1198.2771
424.2668	424.2668	22444.2519
425.0486	425.0486	4269.894
425.0609	425.0609	2203.5807
425.2143	425.2143	4639.8305
425.2258	425.2258	2669.6814
425.2508	425.2508	6903.425
425.2622	425.2622	5938.5809
426.0563	426.0563	2569.4731
426.0689	426.0689	3287.9069
426.2097	426.2097	1149.1164
426.2462	426.2462	12540.2631
426.2825	426.2825	12914.2077
427.0643	427.0643	17336.2013
427.0768	427.0768	2119.0121
427.2299	427.2299	1715.2244
427.2414	427.2414	3796.7193
427.2777	427.2777	8230.4314
428.0720	428.0720	14422.0135
428.0849	428.0849	1877.0726
428.2255	428.2255	3079.8605
428.2618	428.2618	14301.1577
429.0800	429.0800	16010.0933
429.2245	429.2245	1236.6857
429.2568	429.2568	3916.6887
430.0877	430.0877	4603.8591
430.2198	430.2198	1832.825
430.2566	430.2566	2917.5954
431.0957	431.0957	2123.4223
431.2038	431.2038	4044.6402
431.2402	431.2402	2613.3235
432.2354	432.2354	3292.0504
432.2723	432.2723	2324.9512
433.1832	433.1832	1104.4368
433.2196	433.2196	8701.4518
433.2560	433.2560	6409.7209
434.2148	434.2148	4798.8405
434.2394	434.2394	1020.1593
434.2512	434.2512	4693.6004
434.2874	434.2874	1146.4391
435.1986	435.1986	1776.3911
435.2351	435.2351	9177.4412
435.2467	435.2467	1379.8122
435.2718	435.2718	1476.3318
436.2191	436.2191	2270.7697
436.2305	436.2305	14365.5367
436.2670	436.2670	6361.9957
437.0613	437.0613	1333.2561
437.2146	437.2146	3955.1359
437.2508	437.2508	5112.5372
437.2623	437.2623	2574.3077
438.0564	438.0564	26858.1601
438.0690	438.0690	1879.5523
438.2097	438.2097	1528.6012
438.2348	438.2348	1630.4638
438.2460	438.2460	10595.8197
438.2825	438.2825	14869.8723
439.0596	439.0596	2397.4308
439.0642	439.0642	33556.9118
439.2046	439.2046	976.6197
439.2301	439.2301	5538.8794
439.2414	439.2414	6414.2108
439.2552	439.2552	2230.2912
439.2664	439.2664	2625.0514
439.2778	439.2778	6212.7447
440.0721	440.0721	55488.9505
440.2255	440.2255	2700.7064
440.2618	440.2618	9567.2112
440.2982	440.2982	6393.0566
441.0799	441.0799	82324.7278
441.2454	441.2454	2493.7223
441.2571	441.2571	8166.1651
441.2933	441.2933	6458.7586
442.0833	442.0833	5349.1656
442.0878	442.0878	43302.2213
442.2042	442.2042	1354.0797
442.2412	442.2412	5308.7072
442.2774	442.2774	6692.117
443.0911	443.0911	3294.8149
443.0955	443.0955	35902.6221
443.2405	443.2405	2787.9649
443.2725	443.2725	3662.3354
444.0987	444.0987	2389.1051
444.1034	444.1034	7274.2702
444.2355	444.2355	1867.1781
444.2565	444.2565	1056.1703
445.1112	445.1112	3618.9131
445.2196	445.2196	2050.2985
445.2560	445.2560	4692.0859
446.2148	446.2148	2260.8941
446.2512	446.2512	2884.3352
447.1989	447.1989	2347.3779
447.2354	447.2354	1910.6342
447.2466	447.2466	1921.1352
447.2716	447.2716	2655.061
448.2304	448.2304	10156.1258
448.2553	448.2553	1031.8159
448.2666	448.2666	2485.3268
449.0489	449.0489	6755.2006
449.2144	449.2144	3395.6322
449.2509	449.2509	5010.7429
449.2619	449.2619	2321.3764
449.2877	449.2877	1743.8517
450.0563	450.0563	5583.2981
450.2097	450.2097	1832.0104
450.2348	450.2348	1311.0772
450.2461	450.2461	13497.9516
450.2710	450.2710	1486.8911
450.2824	450.2824	6760.1629
451.0643	451.0643	75626.8022
451.1938	451.1938	1692.0951
451.2302	451.2302	6732.0835
451.2417	451.2417	1706.3655
451.2664	451.2664	3675.2354
451.2779	451.2779	3264.6969
452.0674	452.0674	6899.1422
452.0721	452.0721	74566.6836
452.0849	452.0849	1718.8144
452.2255	452.2255	5711.2444
452.2503	452.2503	2050.9001
452.2617	452.2617	11523.7615
452.2870	452.2870	1309.9765
452.2982	452.2982	7119.3964
453.0799	453.0799	129062.2858
453.2458	453.2458	3418.0383
453.2572	453.2572	11008.5417
453.2823	453.2823	3043.7823
454.0832	454.0832	17625.0687
454.0877	454.0877	109242.1365
454.2410	454.2410	5261.6162
454.2775	454.2775	6674.814
454.3139	454.3139	1393.8202
455.0910	455.0910	12856.3086
455.0955	455.0955	143441.1919
455.2363	455.2363	1759.4603
455.2726	455.2726	15915.6953
455.3090	455.3090	4232.5874
456.0988	456.0988	22166.3823
456.1034	456.1034	70336.9618
456.2567	456.2567	5295.7906
456.2934	456.2934	2825.6514
457.1065	457.1065	5411.8706
457.1112	457.1112	68899.131
457.2519	457.2519	2102.8788
457.2884	457.2884	4859.3425
458.1145	458.1145	5361.4675
458.1190	458.1190	8707.9647
458.2359	458.2359	1351.1884
458.2516	458.2516	4981.5111
458.2724	458.2724	1455.9085
459.1270	459.1270	1837.703
459.2354	459.2354	2774.7375
459.2464	459.2464	1038.6812
459.2719	459.2719	1176.1299
460.2303	460.2303	1148.2879
460.2558	460.2558	1684.8216
460.2669	460.2669	5339.4291
461.0481	461.0481	1041.4924
461.2510	461.2510	4395.1668
461.2877	461.2877	2414.0038
462.0564	462.0564	16532.4245
462.2462	462.2462	8300.7364
462.2828	462.2828	5031.5556
463.0643	463.0643	30644.9795
463.1940	463.1940	1514.9362
463.2303	463.2303	3538.3458
463.2665	463.2665	2822.2218
464.0671	464.0671	1358.3755
464.0721	464.0721	76203.0191
464.2255	464.2255	4908.7862
464.2503	464.2503	1018.4148
464.2618	464.2618	7478.1117
464.2983	464.2983	3441.7289
465.0799	465.0799	137262.1227
465.1000	465.1000	2529.3516
465.2095	465.2095	1214.88
465.2459	465.2459	5804.7233
465.2569	465.2569	3425.5172
465.2823	465.2823	1922.3724
465.2931	465.2931	1685.9191
466.0757	466.0757	1161.0373
466.0831	466.0831	14598.7432
466.0877	466.0877	149576.3564
466.2412	466.2412	6421.5584
466.2775	466.2775	6707.7599
466.3139	466.3139	2645.8655
467.0956	467.0956	235312.1505
467.1160	467.1160	1741.3238
467.2363	467.2363	1939.7797
467.2617	467.2617	3324.8754
467.2726	467.2726	11701.2545
467.2977	467.2977	1289.7306
467.3092	467.3092	5203.6908
468.0912	468.0912	3799.8577
468.0989	468.0989	38004.1901
468.1034	468.1034	134775.4255
468.2569	468.2569	4797.1974
468.2930	468.2930	5906.6459
469.1064	469.1064	12718.1093
469.1112	469.1112	183287.0287
469.2520	469.2520	2716.8508
469.2883	469.2883	9432.8265
469.3248	469.3248	2696.3478
470.1063	470.1063	2284.787
470.1145	470.1145	27144.0895
470.1191	470.1191	82256.2216
470.2355	470.2355	1523.8759
470.2723	470.2723	4021.8256
470.2837	470.2837	1066.9714
470.3086	470.3086	2539.9887
471.1221	471.1221	7663.4788
471.1269	471.1269	66356.5127
471.2675	471.2675	4973.9869
471.3042	471.3042	1599.4699
472.1300	472.1300	4501.9632
472.1347	472.1347	9963.0802
472.2300	472.2300	1891.3368
472.2515	472.2515	2527.0703
472.2671	472.2671	2570.5543
473.2147	473.2147	1037.4877
473.2464	473.2464	1772.8794
473.2516	473.2516	1367.8332
473.2626	473.2626	1435.278
474.2463	474.2463	2783.8504
474.2826	474.2826	4473.2302
475.0642	475.0642	28619.0306
475.2301	475.2301	1793.0195
475.2413	475.2413	2271.6022
475.2659	475.2659	2118.6269
475.2775	475.2775	2712.5862
476.0722	476.0722	28411.4684
476.2252	476.2252	2098.0084
476.2616	476.2616	8267.8533
476.2983	476.2983	3508.0471
477.0676	477.0676	1650.4253
477.0799	477.0799	89870.2752
477.0999	477.0999	1897.4398
477.2459	477.2459	1986.7299
477.2571	477.2571	2577.8995
477.2818	477.2818	1732.1676
478.0756	478.0756	2804.1088
478.0830	478.0830	9296.2376
478.0878	478.0878	91766.6324
478.2412	478.2412	6124.6236
478.2773	478.2773	10989.0623
478.3136	478.3136	1536.6167
479.0832	479.0832	2001.9178
479.0956	479.0956	160786.7691
479.1158	479.1158	1901.003
479.2251	479.2251	1531.3639
479.2364	479.2364	1342.2892
479.2728	479.2728	7882.4692
479.2981	479.2981	1510.5589
479.3091	479.3091	1689.6193
480.0909	480.0909	6246.5833
480.0988	480.0988	26596.9105
480.1034	480.1034	131027.9775
480.2568	480.2568	2818.5851
480.2933	480.2933	3272.9153
480.3293	480.3293	1793.9845
481.1113	481.1113	262083.9444
481.1314	481.1314	1751.2096
481.2405	481.2405	1868.2922
481.2521	481.2521	5590.6864
481.2768	481.2768	1836.0943
481.2883	481.2883	13981.017
481.3243	481.3243	1297.8213
482.1144	482.1144	52102.6824
482.1190	482.1190	140814.8972
482.2363	482.2363	1936.7635
482.2723	482.2723	4106.3062
482.2837	482.2837	1861.3531
482.2915	482.2915	1154.078
483.1222	483.1222	16288.4204
483.1269	483.1269	193742.3033
483.2676	483.2676	7764.0104
483.3040	483.3040	14987.0807
483.3405	483.3405	1214.3967
484.1226	484.1226	2208.2439
484.1300	484.1300	33680.9903
484.1348	484.1348	61963.2861
484.2511	484.2511	1875.6336
484.2627	484.2627	992.7121
484.2880	484.2880	2546.7681
484.2990	484.2990	1836.8704
484.3244	484.3244	1264.661
485.1377	485.1377	3461.8407
485.1425	485.1425	69092.8536
485.2470	485.2470	1300.8332
485.2832	485.2832	4490.0382
485.3198	485.3198	2221.5589
486.1460	486.1460	7125.7627
486.2343	486.2343	1089.958
486.2667	486.2667	1259.061
486.2825	486.2825	1605.945
487.2780	487.2780	1027.0838
487.2989	487.2989	1498.1584
488.0721	488.0721	16087.453
488.2255	488.2255	1492.3683
488.2618	488.2618	5619.62
488.2981	488.2981	3243.9871
489.0800	489.0800	23749.0987
489.2455	489.2455	2126.1486
489.2571	489.2571	2885.9154
489.2935	489.2935	2160.5684
490.0828	490.0828	1352.7498
490.0877	490.0877	37035.4344
490.2408	490.2408	3462.8983
490.2774	490.2774	7257.1281
490.2882	490.2882	1131.5656
490.3136	490.3136	1743.1998
491.0903	491.0903	2776.7203
491.0956	491.0956	72305.4449
491.2368	491.2368	1286.3752
491.2618	491.2618	2125.8541
491.2726	491.2726	5606.8232
491.2975	491.2975	1090.9152
492.0910	492.0910	4924.7527
492.0987	492.0987	3890.2375
492.1035	492.1035	48368.3266
492.2205	492.2205	1750.1885
492.2566	492.2566	3471.3653
492.2932	492.2932	5024.5271
493.1112	493.1112	113242.1489
493.2882	493.2882	7803.5967
494.1065	494.1065	2763.2565
494.1141	494.1141	14134.5782
494.1191	494.1191	61871.1422
494.2362	494.2362	2396.9475
494.2724	494.2724	6200.7038
494.3086	494.3086	1419.4095
495.1269	495.1269	164664.8838
495.2676	495.2676	4006.2228
495.3040	495.3040	15181.5467
496.1222	496.1222	1323.2466
496.1299	496.1299	22758.2673
496.1347	496.1347	93180.2971
496.2519	496.2519	1761.6426
496.2628	496.2628	2312.3085
496.2880	496.2880	7123.9361
496.2992	496.2992	3468.5651
496.3240	496.3240	1075.9276
497.1425	497.1425	189707.1248
497.2830	497.2830	4756.9969
497.3196	497.3196	9762.9861
498.1456	498.1456	27819.1118
498.1504	498.1504	99487.5703
498.2786	498.2786	4408.0594
498.3038	498.3038	2223.8942
498.3152	498.3152	2844.8217
499.1537	499.1537	18998.2141
499.2260	499.2260	3165.0684
499.2622	499.2622	1921.0263
499.2989	499.2989	3425.6847
500.0713	500.0713	1562.5155
500.2506	500.2506	1144.0564
500.2630	500.2630	1435.5608
501.0795	501.0795	4370.0024
501.1370	501.1370	2473.8071
501.2570	501.2570	1211.1715
501.2930	501.2930	1526.0022
502.0881	502.0881	5188.5797
502.2775	502.2775	3111.8853
503.0827	503.0827	1110.155
503.0956	503.0956	12447.2214
503.2727	503.2727	4205.8965
503.3087	503.3087	3367.6144
504.0910	504.0910	3434.3935
504.1033	504.1033	7093.7068
504.2565	504.2565	4834.1456
504.2933	504.2933	7375.0399
505.1112	505.1112	16318.8239
505.2520	505.2520	1691.133
505.2770	505.2770	2962.1546
505.2881	505.2881	4692.9088
506.1067	506.1067	3632.5813
506.1141	506.1141	938.2313
506.1189	506.1189	4671.4077
506.2359	506.2359	1283.1871
506.2724	506.2724	10004.1345
506.3085	506.3085	2253.8667
507.1269	507.1269	23161.4696
507.2676	507.2676	3986.0821
507.3042	507.3042	7134.1981
508.1223	508.1223	2464.7187
508.1299	508.1299	2512.3137
508.1349	508.1349	2949.5337
508.2515	508.2515	4311.1514
508.2881	508.2881	3694.7547
509.1426	509.1426	14965.9227
509.2833	509.2833	5012.1089
509.3196	509.3196	5252.147
509.3556	509.3556	1316.8527
510.1461	510.1461	1360.1668
510.1508	510.1508	2011.135
510.2676	510.2676	4055.9882
510.3038	510.3038	2135.2923
510.3150	510.3150	4347.8052
511.1582	511.1582	20632.1722
511.2623	511.2623	4179.7551
511.2989	511.2989	6665.5288
511.3353	511.3353	3322.6796
512.2942	512.2942	4395.9615
512.3304	512.3304	2475.0915
513.2783	513.2783	3656.8173
513.3144	513.3144	7335.729
514.2773	514.2773	1969.8768
515.0955	515.0955	1565.4664
515.2937	515.2937	1623.6589
516.2521	516.2521	2038.9372
516.2933	516.2933	2735.9818
517.1113	517.1113	3011.8588
517.2886	517.2886	1607.1867
518.2726	518.2726	2722.0057
518.2831	518.2831	1318.5311
518.3084	518.3084	2499.241
519.1267	519.1267	2976.72
519.2677	519.2677	5605.6847
519.2925	519.2925	1576.5964
519.3037	519.3037	3046.6051
520.2518	520.2518	3209.3632
520.2880	520.2880	2710.1089
520.3240	520.3240	1538.3939
521.2356	521.2356	1036.787
521.2835	521.2835	4141.878
521.3198	521.3198	6069.2183
522.2306	522.2306	1120.8895
522.2672	522.2672	1378.4284
522.2787	522.2787	1539.0477
522.3040	522.3040	2777.8013
522.3147	522.3147	2250.0821
523.2625	523.2625	1163.9763
523.2989	523.2989	3804.065
523.3353	523.3353	4243.4115
524.2832	524.2832	3697.297
524.2943	524.2943	2341.3296
524.3191	524.3191	1707.006
524.3304	524.3304	2083.7022
525.2779	525.2779	4647.0658
525.3145	525.3145	6404.1972
525.3510	525.3510	3732.9103
526.3100	526.3100	3761.9928
526.3462	526.3462	1580.8619
527.2938	527.2938	2109.3249
527.3298	527.3298	3551.4733
528.2896	528.2896	2309.3394
529.1322	529.1322	2023.4529
529.2520	529.2520	1957.656
529.2884	529.2884	1997.7624
530.2722	530.2722	1248.2066
530.3091	530.3091	1165.3551
531.1479	531.1479	3735.709
531.3040	531.3040	4517.3929
532.2878	532.2878	3424.0021
532.3250	532.3250	2501.4978
533.1169	533.1169	1034.781
533.2833	533.2833	4261.4935
533.3199	533.3199	5202.2924
534.2788	534.2788	1896.4234
534.3037	534.3037	3348.6946
535.2990	535.2990	5032.1751
535.3356	535.3356	2231.7975
536.2833	536.2833	1147.5373
536.2945	536.2945	1906.4812
536.3193	536.3193	1696.7547
536.3304	536.3304	2882.0808
537.2785	537.2785	2293.661
537.3147	537.3147	4759.2893
537.3508	537.3508	2123.8205
538.2989	538.2989	1983.5014
538.3096	538.3096	11414.3476
538.3467	538.3467	1304.0626
539.1527	539.1527	1248.5069
539.2940	539.2940	5352.8354
539.3301	539.3301	4306.5962
539.3664	539.3664	1953.913
540.2670	540.2670	1187.3984
540.2890	540.2890	1901.5587
540.3151	540.3151	1079.8827
540.3255	540.3255	6134.3962
540.3620	540.3620	1840.5831
541.2612	541.2612	1025.4325
541.3094	541.3094	4844.6904
541.3458	541.3458	2693.5419
542.1402	542.1402	5600.692
542.2682	542.2682	5705.8181
542.3412	542.3412	1287.0561
543.1481	543.1481	23105.3042
543.3047	543.3047	1865.8227
543.3139	543.3139	1386.7364
543.3249	543.3249	1679.1619
544.1559	544.1559	43562.8671
545.1171	545.1171	1267.0018
545.1592	545.1592	4995.7616
545.2724	545.2724	1024.8172
545.2833	545.2833	3954.4473
545.3204	545.3204	1500.6969
546.2671	546.2671	1136.5728
546.3030	546.3030	1106.3744
546.3148	546.3148	1364.5219
546.3393	546.3393	1199.495
547.1330	547.1330	1102.3739
547.2628	547.2628	2403.4288
547.2991	547.2991	4911.6418
548.2829	548.2829	1220.5718
548.3195	548.3195	1676.2087
548.3303	548.3303	1366.0536
549.2787	549.2787	2503.1606
549.3146	549.3146	5794.0689
550.2986	550.2986	2797.8491
550.3102	550.3102	2050.1602
550.3462	550.3462	1312.7134
551.2829	551.2829	1460.7464
551.2938	551.2938	2550.6574
551.3301	551.3301	2993.6771
551.3666	551.3666	1088.8795
552.2883	552.2883	1020.6531
552.3253	552.3253	7849.1202
552.3620	552.3620	2215.5462
553.2742	553.2742	1077.0846
553.3091	553.3091	1828.5223
553.3208	553.3208	1179.952
553.3459	553.3459	1679.5656
554.3409	554.3409	7466.4815
555.1481	555.1481	3052.6562
555.1683	555.1683	11633.9683
555.2902	555.2902	1970.9303
555.3253	555.3253	3006.5946
555.3611	555.3611	1476.5012
556.1559	556.1559	4020.8292
556.1712	556.1712	1731.0342
556.3204	556.3204	3379.0047
556.3570	556.3570	1230.5938
557.1638	557.1638	459289.4715
557.2839	557.2839	1634.4393
557.3200	557.3200	1742.0119
557.3413	557.3413	1064.0182
558.1669	558.1669	139933.9555
559.1702	559.1702	6134.4982
559.1791	559.1791	2125.407
559.2991	559.2991	2136.3158
559.3354	559.3354	2084.1487
560.1508	560.1508	1325.0507
560.3197	560.3197	1321.4091
560.3306	560.3306	1566.5112
561.2781	561.2781	1032.472
561.3145	561.3145	6675.333
561.3254	561.3254	1111.1749
562.3098	562.3098	1163.9098
563.2935	563.2935	2957.5935
563.3303	563.3303	4103.0278
564.2776	564.2776	1650.2245
564.3255	564.3255	3337.9658
565.2728	565.2728	1204.1698
565.3095	565.3095	3196.7317
565.3462	565.3462	3085.2897
566.3042	566.3042	3169.6579
566.3411	566.3411	5858.6992
567.3250	567.3250	1807.9645
567.3363	567.3363	2018.4726
568.2727	568.2727	1071.3013
568.3202	568.3202	2241.5235
568.3286	568.3286	1039.6684
568.3563	568.3563	1301.9158
569.3158	569.3158	2033.2472
569.3409	569.3409	1527.5905
570.1712	570.1712	2748.7353
570.2996	570.2996	1700.0894
570.3362	570.3362	2860.0369
571.1800	571.1800	1535.1924
572.3531	572.3531	1082.7158
573.2778	573.2778	1004.9393
573.3145	573.3145	2807.282
573.3522	573.3522	1200.3387
574.3463	574.3463	1754.6145
575.2942	575.2942	2798.0537
575.3046	575.3046	966.3689
575.3302	575.3302	6026.5511
575.3656	575.3656	1688.4312
576.2890	576.2890	1502.8855
576.3256	576.3256	1390.6633
577.3094	577.3094	4167.3148
577.3461	577.3461	3098.1657
578.3300	578.3300	1771.5645
578.3410	578.3410	3021.5819
579.3248	579.3248	3300.2732
579.3374	579.3374	1466.633
580.3201	580.3201	2168.5778
580.3566	580.3566	7678.1476
581.3044	581.3044	2493.7941
581.3150	581.3150	1115.1939
581.3414	581.3414	1535.3482
581.3529	581.3529	2073.1567
582.3361	582.3361	2165.4565
582.3723	582.3723	2566.3256
583.3201	583.3201	1104.1993
583.3330	583.3330	1677.1127
584.3515	584.3515	4030.661
586.3097	586.3097	2307.9844
586.3300	586.3300	1214.9957
587.2941	587.2941	1040.8701
587.3300	587.3300	2905.763
588.2782	588.2782	1012.0121
588.3251	588.3251	1328.4877
589.2750	589.2750	1096.5321
589.3093	589.3093	2223.1123
590.3045	590.3045	2861.9029
590.3416	590.3416	1196.3996
591.2892	591.2892	1685.9386
591.3250	591.3250	5088.0048
592.3202	592.3202	1804.46
592.3563	592.3563	1493.0312
592.3671	592.3671	1297.1425
593.3048	593.3048	1544.7953
593.3407	593.3407	2141.0877
593.3517	593.3517	1321.9002
593.3774	593.3774	1028.0762
594.3362	594.3362	4187.7209
594.3722	594.3722	3348.503
595.3205	595.3205	1377.8018
595.3312	595.3312	2264.351
595.3563	595.3563	1412.3019
596.3157	596.3157	1188.9142
596.3519	596.3519	3235.8336
596.3876	596.3876	3417.1824
597.3357	597.3357	1423.0453
597.3469	597.3469	3216.7703
598.3307	598.3307	1218.6547
598.3672	598.3672	2349.7916
600.2899	600.2899	978.2177
600.3254	600.3254	2157.9901
601.2935	601.2935	1108.9425
602.1611	602.1611	3175.3249
602.3416	602.3416	1556.8887
603.1691	603.1691	3707.3479
603.3251	603.3251	2377.9751
604.3211	604.3211	2938.2963
604.3568	604.3568	2020.3254
605.3409	605.3409	1047.3812
605.3524	605.3524	1695.1531
606.3363	606.3363	2267.9813
606.3477	606.3477	1095.1599
607.3200	607.3200	2927.1668
607.3312	607.3312	1817.7244
607.3681	607.3681	2467.9819
608.3158	608.3158	1518.4572
608.3518	608.3518	6665.9762
608.3879	608.3879	1821.1716
609.3363	609.3363	1875.132
609.3469	609.3469	3087.1162
609.3834	609.3834	1635.4841
610.3670	610.3670	1554.4927
611.3141	611.3141	1194.2895
611.3276	611.3276	1063.0059
611.3621	611.3621	1083.8035
612.3470	612.3470	2103.5318
613.3419	613.3419	2125.9336
614.1816	614.1816	2944.614
614.2532	614.2532	12976.2463
615.1693	615.1693	6457.9926
616.1771	616.1771	354917.4527
616.3204	616.3204	1303.2287
616.3577	616.3577	1081.3145
617.1802	617.1802	103674.4633
617.3047	617.3047	1023.5406
618.1829	618.1829	3915.5448
618.3363	618.3363	4516.0873
618.3724	618.3724	1055.445
619.1637	619.1637	2445.9204
619.3198	619.3198	1659.1587
619.3321	619.3321	1060.1378
619.3570	619.3570	1224.9571
620.3154	620.3154	1148.583
620.3517	620.3517	3151.5298
621.3357	621.3357	2597.8414
621.3477	621.3477	4170.7911
622.3309	622.3309	2540.2702
622.3424	622.3424	1765.1868
622.3672	622.3672	2104.7426
623.3149	623.3149	1328.7243
623.3255	623.3255	1992.0868
623.3626	623.3626	1981.5339
624.3468	624.3468	4014.0756
624.3594	624.3594	1184.0028
624.3828	624.3828	3065.7613
625.3781	625.3781	4256.2777
626.3615	626.3615	3071.2303
626.3985	626.3985	2500.136
627.3941	627.3941	1635.2204
628.3566	628.3566	2201.5257
629.1847	629.1847	1432.1354
629.3153	629.3153	1704.934
629.3755	629.3755	1108.6189
630.3361	630.3361	2375.4518
630.3718	630.3718	2466.3335
631.3310	631.3310	1179.9717
631.3554	631.3554	2182.7174
632.3517	632.3517	1889.9237
633.3367	633.3367	1151.1093
633.3479	633.3479	1095.9611
634.3673	634.3673	1588.4116
634.3787	634.3787	1042.9813
635.1595	635.1595	1127.8401
635.3159	635.3159	1175.0972
635.3629	635.3629	4989.0469
636.3832	636.3832	2448.4525
637.3784	637.3784	2087.1628
638.3255	638.3255	1519.2019
638.3624	638.3624	1117.8395
638.3993	638.3993	1363.3681
639.3567	639.3567	2648.0806
639.3936	639.3936	1364.8252
640.3782	640.3782	1893.2813
641.3739	641.3739	1636.2747
643.3223	643.3223	1023.0406
644.3507	644.3507	1795.1663
645.3469	645.3469	2120.0049
645.3849	645.3849	1354.8553
646.3313	646.3313	2283.4745
646.3680	646.3680	2705.4023
647.3256	647.3256	1772.6338
647.3628	647.3628	1086.7357
647.3873	647.3873	1187.86
648.3465	648.3465	2096.0578
650.3632	650.3632	1640.6216
651.3581	651.3581	1259.0205
651.3940	651.3940	2775.7682
652.3420	652.3420	1298.6141
653.3381	653.3381	1434.698
653.3732	653.3732	2308.9931
653.4096	653.4096	1944.8675
654.3474	654.3474	1525.8219
654.3695	654.3695	2226.4494
654.3940	654.3940	1029.1952
655.3672	655.3672	1132.5129
655.3893	655.3893	1157.4465
656.3525	656.3525	1351.6179
657.3461	657.3461	2008.2179
658.3673	658.3673	1123.8424
659.3266	659.3266	1083.615
660.3570	660.3570	1335.5219
660.3839	660.3839	1640.0897
661.3313	661.3313	1119.4043
661.3420	661.3420	1492.4313
661.3787	661.3787	1213.6793
662.3628	662.3628	1219.4992
663.3579	663.3579	1791.9741
663.3938	663.3938	1837.0197
664.3775	664.3775	1894.157
664.3890	664.3890	1127.9591
665.3623	665.3623	1767.5896
665.4095	665.4095	2270.9001
666.4047	666.4047	1053.0615
667.3888	667.3888	3640.6497
669.3700	669.3700	2036.0595
670.3671	670.3671	1205.1403
671.3485	671.3485	1953.0334
671.3628	671.3628	1609.5622
672.3826	672.3826	1321.6809
673.3419	673.3419	1638.5469
673.3783	673.3783	1223.8902
674.3267	674.3267	1235.2998
674.3622	674.3622	2391.0037
674.3994	674.3994	1540.8204
675.3942	675.3942	1198.8445
676.3417	676.3417	1481.4388
676.3526	676.3526	1271.4016
676.3782	676.3782	1596.7124
677.3615	677.3615	1579.0921
677.3728	677.3728	1574.2388
678.3573	678.3573	1452.2433
679.3357	679.3357	1099.282
680.3721	680.3721	1383.4466
680.3844	680.3844	2246.0107
681.3681	681.3681	2350.1385
681.4048	681.4048	1212.6559
682.3328	682.3328	1603.5809
682.4011	682.4011	1644.0581
683.3840	683.3840	1880.6881
687.3934	687.3934	1053.7515
689.3734	689.3734	1770.0402
690.3684	690.3684	1672.3284
691.3885	691.3885	949.2664
692.3736	692.3736	2176.9762
692.3836	692.3836	1770.201
693.4046	693.4046	1777.6507
694.3997	694.3997	2904.3009
695.3478	695.3478	1459.3559
696.4153	696.4153	1159.8274
698.3740	698.3740	963.0028
699.3789	699.3789	1263.4696
699.4163	699.4163	1207.8753
700.4097	700.4097	1035.2825
701.3733	701.3733	2200.7226
701.4108	701.4108	1394.0174
702.3566	702.3566	1079.0203
702.3780	702.3780	1023.829
702.3930	702.3930	1093.2867
702.4042	702.4042	1164.7282
703.3882	703.3882	1907.4274
703.4252	703.4252	1018.9039
704.3359	704.3359	1327.6257
704.3465	704.3465	1562.5643
704.3731	704.3731	1261.0516
705.3692	705.3692	1782.1766
705.4058	705.4058	1197.2601
706.3887	706.3887	1293.2522
707.4206	707.4206	1689.1666
708.4032	708.4032	1016.8546
709.3418	709.3418	1005.5969
709.3990	709.3990	3989.5627
712.4097	712.4097	1640.4293
713.3951	713.3951	2142.721
714.3936	714.3936	1226.8305
714.4275	714.4275	1269.9924
715.3184	715.3184	1048.0715
715.3521	715.3521	1023.35
715.3753	715.3753	1045.1495
715.3903	715.3903	1439.0293
716.4079	716.4079	1018.6234
717.3676	717.3676	1448.8193
717.4043	717.4043	1142.3187
718.3645	718.3645	1191.289
718.3982	718.3982	1137.0029
719.3733	719.3733	1234.1532
719.3841	719.3841	1600.5044
719.3961	719.3961	1191.5615
720.3680	720.3680	1865.7715
722.4334	722.4334	954.1414
723.3786	723.3786	1156.8683
723.4259	723.4259	1346.6004
724.4102	724.4102	1388.4347
725.3720	725.3720	1471.2428
725.4068	725.4068	1697.5484
726.3907	726.3907	962.8718
729.3699	729.3699	1039.0177
729.3807	729.3807	1269.8477
730.4232	730.4232	1562.3158
731.3848	731.3848	1319.8604
732.3782	732.3782	1907.7918
733.4365	733.4365	1090.2703
734.3936	734.3936	1259.4267
734.4412	734.4412	1165.066
735.3916	735.3916	1331.6732
736.4095	736.4095	1721.0388
737.3947	737.3947	1518.9784
738.4266	738.4266	2654.5654
739.3727	739.3727	1019.0207
739.4236	739.4236	1002.1678
741.4262	741.4262	1598.182
746.3954	746.3954	1712.6756
747.4152	747.4152	1276.4917
749.3764	749.3764	1116.0011
749.4304	749.4304	1695.8673
752.4047	752.4047	1062.6805
760.3738	760.3738	1145.2212
761.3946	761.3946	1246.0778
762.4298	762.4298	1159.1841
764.4048	764.4048	1174.6948
764.4412	764.4412	1068.3097
767.4182	767.4182	1304.8483
768.4012	768.4012	1397.2379
770.3944	770.3944	1191.9963
771.3778	771.3778	1342.9926
771.4512	771.4512	1937.9741
772.4108	772.4108	1544.0906
773.4309	773.4309	990.9858
775.4467	775.4467	1397.8781
777.4248	777.4248	1383.4926
777.4371	777.4371	984.3628
780.4349	780.4349	1418.8028
782.4528	782.4528	1178.1298
783.0847	783.0847	1096.5393
785.4303	785.4303	1672.8119
788.4425	788.4425	1168.3237
790.4319	790.4319	1013.2373
795.4589	795.4589	1417.4488
796.4687	796.4687	1126.5577
797.4675	797.4675	1348.7883
803.4043	803.4043	1541.8112
805.4357	805.4357	1365.0402
805.4688	805.4688	1235.9363
806.4512	806.4512	1077.3129
813.4251	813.4251	1679.1444
814.4576	814.4576	1249.1213
814.4690	814.4690	1026.8834
815.4423	815.4423	1442.1564
815.4629	815.4629	1069.0719
815.4751	815.4751	1264.9169
816.4015	816.4015	1179.5407
816.4742	816.4742	1037.0373
818.4220	818.4220	1459.5431
819.4111	819.4111	1386.9803
819.4480	819.4480	1373.8732
822.4234	822.4234	975.1114
825.4704	825.4704	1174.8817
827.4751	827.4751	1462.6407
828.4202	828.4202	1517.4016
831.4116	831.4116	1097.591
833.4339	833.4339	1343.2627
835.4064	835.4064	1066.4906
835.4416	835.4416	1054.0284
839.4379	839.4379	994.6434
840.4463	840.4463	1644.8606
841.3987	841.3987	1153.8835
841.4317	841.4317	1117.6436
841.4778	841.4778	1026.392
841.4905	841.4905	1110.3519
842.4525	842.4525	1179.7173
846.4331	846.4331	1022.8702
846.4936	846.4936	1290.8088
848.4499	848.4499	1339.6473
849.2268	849.2268	1070.1906
850.4902	850.4902	1116.5464
851.4738	851.4738	1313.2248
852.4598	852.4598	1093.0764
855.4723	855.4723	2100.5518
863.4736	863.4736	1378.6733
866.4489	866.4489	1310.7737
866.5220	866.5220	1192.425
869.4988	869.4988	1146.36
873.4724	873.4724	1251.5222
874.4423	874.4423	1284.1257
874.4888	874.4888	1360.0028
875.4637	875.4637	1022.5254
877.4915	877.4915	1080.7971
889.5019	889.5019	1472.4223
891.5045	891.5045	1370.408
892.5024	892.5024	1046.0964
894.4779	894.4779	958.0914
895.4526	895.4526	1076.6726
895.5193	895.5193	1178.6789
898.5133	898.5133	954.8784
899.4577	899.4577	1190.0805
903.4807	903.4807	1177.4308
908.4956	908.4956	2030.3503
912.4759	912.4759	1033.6729
915.4713	915.4713	1109.0446
918.5181	918.5181	1033.2568
927.5001	927.5001	1155.3736
928.5249	928.5249	1030.435
929.4849	929.4849	2181.4308
937.4888	937.4888	1122.0426
943.4643	943.4643	1448.7458
943.5396	943.5396	1346.5331
945.5030	945.5030	1583.5593
947.5114	947.5114	967.0397
948.5631	948.5631	1164.8754
949.5696	949.5696	1076.1059
950.4810	950.4810	1691.0942
952.5219	952.5219	1187.9727
956.5360	956.5360	983.0211
961.4826	961.4826	1434.2155
962.4853	962.4853	938.1819
966.5231	966.5231	1966.5236
968.5528	968.5528	1276.1839
971.5438	971.5438	1158.1423
972.5288	972.5288	1235.1618
974.5558	974.5558	1207.4809
975.5428	975.5428	1267.1095
977.5612	977.5612	1155.5212
979.4983	979.4983	1152.9355
984.4017	984.4017	2062.0641
985.5319	985.5319	1130.2104
