151.0865	151.0865	65664.0086
152.0619	152.0619	459792.2872
153.0572	153.0572	71260.9244
153.0698	153.0698	133105.5445
153.1021	153.1021	64000.8518
154.0650	154.0650	1141309.648
154.9690	154.9690	2333074.421
155.0602	155.0602	354783.7082
155.0683	155.0683	114926.9469
155.0728	155.0728	106880.2439
156.0680	156.0680	324588.9234
156.0807	156.0807	475893.389
157.0759	157.0759	498996.1195
157.1083	157.1083	62608.1243
158.0599	158.0599	76992.304
158.0837	158.0837	276663.8635
158.0963	158.0963	105905.092
159.0916	159.0916	896564.6183
160.0756	160.0756	178981.1612
160.0949	160.0949	73667.359
162.0548	162.0548	77871.1423
163.0541	163.0541	201978.9971
164.0493	164.0493	71058.3955
164.9204	164.9204	27764538.23
164.9296	164.9296	375923.7885
165.0697	165.0697	368584.0643
165.9197	165.9197	169047.6918
166.0649	166.0649	442901.7385
166.9161	166.9161	1160242.113
166.9246	166.9246	175502.6973
167.0602	167.0602	187521.3026
167.0728	167.0728	1061172.436
168.0568	168.0568	66907.9101
168.0680	168.0680	227466.2734
168.0762	168.0762	107866.6445
168.0806	168.0806	494499.4903
169.0646	169.0646	177445.0074
169.0759	169.0759	585849.2287
170.0599	170.0599	1424998.48
170.0680	170.0680	8862.8676
170.0711	170.0711	29024.3897
170.0792	170.0792	49925.6775
170.0837	170.0837	31903.9725
170.0962	170.0962	130496.6171
170.9429	170.9429	5243.4092
171.0003	171.0003	85114.9446
171.0139	171.0139	15702.2895
171.0503	171.0503	7059.8867
171.0551	171.0551	18386.7884
171.0632	171.0632	132502.0139
171.0763	171.0763	2239.8522
171.0803	171.0803	2239.7155
171.0915	171.0915	142689.9339
171.0996	171.0996	5138.7044
171.1126	171.1126	8444.5322
171.1490	171.1490	2141.1951
172.0343	172.0343	5348.3692
172.0707	172.0707	2448.5191
172.0755	172.0755	90793.7975
172.0867	172.0867	11808.9285
172.0948	172.0948	4965.1616
172.0993	172.0993	2537.8647
172.1078	172.1078	3340.4123
172.1119	172.1119	21095.9238
173.0296	173.0296	96957.176
173.0660	173.0660	12475.6016
173.0708	173.0708	28514.2497
173.1072	173.1072	28247.1459
173.1284	173.1284	6646.9597
174.0137	174.0137	23240.5352
174.0250	174.0250	2060.2457
174.0463	174.0463	17627.6684
174.0548	174.0548	6738.0508
174.0661	174.0661	2304.7027
174.0912	174.0912	33983.1246
174.1025	174.1025	10070.127
174.1276	174.1276	3139.5066
174.1348	174.1348	2237.7755
175.0415	175.0415	2264.1903
175.0817	175.0817	18888.533
175.0840	175.0840	5897.2097
175.0865	175.0865	29492.4431
175.1188	175.1188	27173.3014
175.1229	175.1229	2770.4008
176.0405	176.0405	2643.3904
176.0619	176.0619	132501.1318
176.0657	176.0657	9593.4694
176.0705	176.0705	4174.4272
176.0817	176.0817	11908.7123
176.1069	176.1069	8444.5311
176.1181	176.1181	22247.7102
177.0246	177.0246	2322.4575
177.0572	177.0572	47077.3848
177.0633	177.0633	20946.8639
177.0654	177.0654	12620.2997
177.0697	177.0697	40076.381
177.0745	177.0745	3717.6254
177.0770	177.0770	4524.277
177.0997	177.0997	21060.9261
177.1021	177.1021	15895.1946
177.1384	177.1384	2061.1649
178.0586	178.0586	22888.6865
178.0609	178.0609	10843.2022
178.0650	178.0650	134297.3337
178.0776	178.0776	141491.603
178.0861	178.0861	3993.2453
178.0974	178.0974	10615.8391
178.1337	178.1337	33681.3112
178.9802	178.9802	6891.3248
179.0426	179.0426	3498.198
179.0602	179.0602	99235.8561
179.0683	179.0683	4942.324
179.0728	179.0728	41184.0955
179.0789	179.0789	15845.237
179.0812	179.0812	18878.6244
179.0854	179.0854	20084.0051
179.0902	179.0902	2170.0099
179.0926	179.0926	7752.2905
179.1177	179.1177	20262.6582
180.0555	180.0555	2145.367
180.0636	180.0636	2382.1849
180.0680	180.0680	8057.8726
180.0742	180.0742	28552.2661
180.0765	180.0765	10523.9703
180.0806	180.0806	364301.098
180.1130	180.1130	17815.3822
180.8943	180.8943	171136.3003
181.0646	181.0646	15273.4723
181.0759	181.0759	225138.0342
181.0840	181.0840	36031.3249
181.0884	181.0884	61896.12
181.0970	181.0970	25646.7457
181.1082	181.1082	10459.596
181.1334	181.1334	12105.9943
182.0299	182.0299	5671.7959
182.0599	182.0599	44761.1099
182.0712	182.0712	6869.7596
182.0793	182.0793	14926.9734
182.0838	182.0838	123768.5365
182.0899	182.0899	2813.8477
182.0923	182.0923	18518.287
182.0963	182.0963	88778.3914
182.1287	182.1287	4785.144
182.9310	182.9310	20186.6563
183.0552	183.0552	2289.2317
183.0678	183.0678	50033.3693
183.0763	183.0763	2306.6982
183.0790	183.0790	3717.9809
183.0874	183.0874	7039.7132
183.0916	183.0916	158491.8452
183.0997	183.0997	3941.1088
183.1127	183.1127	24302.5194
183.1239	183.1239	22654.7973
183.1491	183.1491	20215.7916
183.9956	183.9956	3399.3779
184.0456	184.0456	11924.0261
184.0630	184.0630	5403.8207
184.0756	184.0756	105086.4333
184.0868	184.0868	34433.6041
184.0950	184.0950	6994.3443
184.0994	184.0994	2519.1375
184.1080	184.1080	3731.5165
184.1120	184.1120	37694.096
185.0296	185.0296	15327.7892
185.0660	185.0660	6690.0057
185.0708	185.0708	189352.656
185.0789	185.0789	3893.0093
185.1032	185.1032	7156.5942
185.1072	185.1072	50093.9451
186.0370	186.0370	3911.2892
186.0501	186.0501	5221.3091
186.0549	186.0549	3305.0019
186.0637	186.0637	7856.0658
186.0742	186.0742	7262.8181
186.0912	186.0912	51722.9862
186.1025	186.1025	9846.8028
186.1237	186.1237	2814.5602
186.1276	186.1276	9238.4049
186.9118	186.9118	400131.4312
187.0453	187.0453	41858.1802
187.0541	187.0541	64280.9052
187.0589	187.0589	8358.1736
187.0817	187.0817	6209.5467
187.0865	187.0865	33959.3483
187.1229	187.1229	4443.3149
188.0292	188.0292	4855.5549
188.0405	188.0405	2187.4206
188.0494	188.0494	14457.4467
188.0705	188.0705	11864.6617
188.0793	188.0793	5421.9176
188.0817	188.0817	2901.0826
188.1069	188.1069	13854.8069
188.1181	188.1181	2705.1866
188.9445	188.9445	2067.7347
189.0572	189.0572	2950.1252
189.0697	189.0697	198585.3157
189.0745	189.0745	20046.1028
189.0997	189.0997	8406.5268
189.1021	189.1021	16186.6125
189.9952	189.9952	5619.0584
190.0561	190.0561	3274.0286
190.0650	190.0650	119388.8217
190.0731	190.0731	16255.3033
190.0776	190.0776	15509.8265
190.0837	190.0837	3350.5497
190.0861	190.0861	5674.9543
190.0974	190.0974	5116.6549
190.1225	190.1225	9286.1986
190.1337	190.1337	2369.0229
191.0402	191.0402	12651.9077
191.0426	191.0426	15652.5041
191.0602	191.0602	8010.4382
191.0684	191.0684	4629.4515
191.0728	191.0728	206215.5656
191.0765	191.0765	48078.8356
191.0789	191.0789	64393.6663
191.0813	191.0813	3358.6372
191.0854	191.0854	19264.0559
191.0926	191.0926	2161.8741
191.1154	191.1154	5909.1501
191.1177	191.1177	10374.2265
192.0379	192.0379	2915.8065
192.0568	192.0568	5014.2643
192.0680	192.0680	81787.1538
192.0742	192.0742	26214.3467
192.0763	192.0763	26679.7468
192.0806	192.0806	118409.6815
192.1130	192.1130	7381.4602
193.0583	193.0583	7699.0412
193.0647	193.0647	10577.0079
193.0718	193.0718	8597.9601
193.0760	193.0760	116436.7169
193.0841	193.0841	7026.2057
193.0885	193.0885	72114.8433
193.0947	193.0947	18360.8895
193.0971	193.0971	27623.5637
193.1083	193.1083	5519.8001
193.1334	193.1334	8706.7416
194.0535	194.0535	2965.658
194.0600	194.0600	25203.9464
194.0712	194.0712	17199.0734
194.0794	194.0794	3512.455
194.0837	194.0837	18918.4808
194.0899	194.0899	40220.2853
194.0922	194.0922	29405.9611
194.0964	194.0964	90831.3286
194.1287	194.1287	14254.9737
194.9246	194.9246	6572.8589
194.9616	194.9616	4563.8335
195.0551	195.0551	3797.0528
195.0740	195.0740	2275.236
195.0763	195.0763	6665.3646
195.0805	195.0805	2300.9796
195.0876	195.0876	21762.7036
195.0916	195.0916	142436.7849
195.1041	195.1041	2035.7444
195.1128	195.1128	17350.1906
195.1490	195.1490	7104.7595
195.9956	195.9956	9056.3708
196.0457	196.0457	13914.2665
196.0518	196.0518	2893.9338
196.0756	196.0756	57613.8639
196.0868	196.0868	36858.5765
196.0949	196.0949	7106.7625
196.0994	196.0994	11796.7494
196.1056	196.1056	5941.042
196.1080	196.1080	18031.4275
196.1120	196.1120	15882.1673
196.1168	196.1168	3205.497
196.1443	196.1443	8229.2117
196.9659	196.9659	10330.0063
196.9796	196.9796	50779.4056
197.0296	197.0296	4277.8435
197.0708	197.0708	42340.767
197.0920	197.0920	9302.4761
197.1032	197.1032	47312.0712
197.1072	197.1072	44876.2255
197.1283	197.1283	13355.4011
197.1647	197.1647	3134.826
197.9623	197.9623	2064.2355
198.0462	198.0462	3037.8547
198.0786	198.0786	2940.1254
198.0871	198.0871	3511.1661
198.0912	198.0912	15448.7482
198.1025	198.1025	7809.2415
198.1236	198.1236	4010.1284
198.1277	198.1277	5339.7454
198.8960	198.8960	17686.6149
199.0089	199.0089	13310.9838
199.0452	199.0452	32956.696
199.0565	199.0565	4601.6495
199.0817	199.0817	3430.7184
199.0865	199.0865	25895.1971
199.1076	199.1076	7550.0386
199.1188	199.1188	12547.5802
199.1229	199.1229	11005.8436
199.9905	199.9905	9748.1357
200.0293	200.0293	2699.0452
200.0405	200.0405	13705.6044
200.0429	200.0429	2037.6596
200.0619	200.0619	60908.9882
200.0705	200.0705	3538.4104
200.0817	200.0817	2255.6534
200.1069	200.1069	24895.6492
200.1141	200.1141	3677.9109
200.1180	200.1180	2175.161
201.0245	201.0245	2216.2775
201.0572	201.0572	15266.0452
201.0609	201.0609	29458.2641
201.0655	201.0655	3700.307
201.0698	201.0698	2825.4293
201.0746	201.0746	6554.9017
201.1021	201.1021	10654.7575
201.1385	201.1385	2412.2568
202.0449	202.0449	2897.9078
202.0562	202.0562	2374.0928
202.0650	202.0650	15892.5401
202.0776	202.0776	128576.7814
202.0861	202.0861	14383.4757
202.0973	202.0973	2721.3837
202.1225	202.1225	18717.3405
203.0402	203.0402	4549.9951
203.0603	203.0603	5262.3974
203.0728	203.0728	49734.6449
203.0765	203.0765	2163.6564
203.0790	203.0790	8716.5904
203.0811	203.0811	16505.5411
203.0854	203.0854	12504.323
203.0903	203.0903	11558.9611
203.1154	203.1154	5886.1699
203.1177	203.1177	5285.7128
204.0744	204.0744	6102.946
204.0764	204.0764	2251.4228
204.0808	204.0808	212245.1446
204.1132	204.1132	2666.2008
204.9130	204.9130	105194.5962
204.9225	204.9225	212320.2207
205.0583	205.0583	10231.2212
205.0648	205.0648	9015.4528
205.0760	205.0760	91964.0951
205.0841	205.0841	16132.0545
205.0886	205.0886	19786.2637
205.0948	205.0948	68417.5594
205.0971	205.0971	2997.0185
205.1084	205.1084	2657.1182
205.1311	205.1311	5740.2605
206.0536	206.0536	14554.5286
206.0713	206.0713	4498.2925
206.0838	206.0838	66845.6029
206.0900	206.0900	29096.5723
206.0924	206.0924	6904.289
206.0964	206.0964	52789.9109
206.1288	206.1288	2982.9573
206.9405	206.9405	3595.4032
207.0679	207.0679	4074.9965
207.0740	207.0740	5785.7607
207.0791	207.0791	13336.7255
207.0875	207.0875	8582.1943
207.0917	207.0917	64185.86
207.1104	207.1104	32749.1117
207.1128	207.1128	6178.0078
207.1240	207.1240	2159.6483
207.1492	207.1492	2963.734
208.0693	208.0693	34248.6268
208.0758	208.0758	6421.4039
208.0869	208.0869	22083.3295
208.0949	208.0949	2300.8877
208.0995	208.0995	4689.1646
208.1057	208.1057	43862.3626
208.1080	208.1080	12447.7736
208.1121	208.1121	9593.7058
208.1445	208.1445	5256.525
209.0533	209.0533	2159.9548
209.0710	209.0710	8682.736
209.1033	209.1033	21540.0048
209.1073	209.1073	43620.477
209.1285	209.1285	6509.719
209.1396	209.1396	2141.9928
210.0502	210.0502	3844.2272
210.0614	210.0614	3373.3529
210.0874	210.0874	3301.5443
210.0913	210.0913	10333.361
210.1026	210.1026	22028.728
210.1214	210.1214	15475.0224
210.1237	210.1237	3481.5331
211.0543	211.0543	4117.7243
211.0566	211.0566	3787.4046
211.0866	211.0866	24829.2428
211.1078	211.1078	2217.4551
211.1189	211.1189	41311.4312
211.1230	211.1230	11982.6309
211.1441	211.1441	5786.5988
211.1553	211.1553	14777.4303
212.0406	212.0406	3262.472
212.0818	212.0818	2790.8321
212.1030	212.1030	7674.9177
212.1070	212.1070	2396.445
212.1142	212.1142	8205.582
212.1182	212.1182	3794.0058
212.9352	212.9352	9760.6912
212.9597	212.9597	2068.9237
212.9722	212.9722	73938.2269
213.0222	213.0222	17765.3156
213.0246	213.0246	40636.3581
213.0610	213.0610	24928.882
213.0699	213.0699	41215.614
213.0722	213.0722	2176.8966
213.1023	213.1023	10694.8195
213.1346	213.1346	2645.1576
213.1386	213.1386	2337.4111
214.0063	214.0063	6120.5601
214.0562	214.0562	2072.1588
214.0586	214.0586	7691.8569
214.0651	214.0651	35259.1634
214.1299	214.1299	11838.4472
214.1550	214.1550	2258.4714
215.0403	215.0403	4185.6429
215.0539	215.0539	2242.2188
215.0729	215.0729	27604.3653
215.0767	215.0767	11835.1849
215.0857	215.0857	40801.243
215.0905	215.0905	2460.9491
215.1180	215.1180	6078.5811
216.0356	216.0356	5856.1759
216.0683	216.0683	16268.1595
216.0721	216.0721	10831.4306
216.0745	216.0745	2487.5543
216.0809	216.0809	84554.8293
216.1020	216.1020	7336.2934
216.9067	216.9067	86856.1926
216.9163	216.9163	10614.3245
217.0561	217.0561	7507.8198
217.0586	217.0586	2820.1254
217.0697	217.0697	6737.1943
217.0761	217.0761	14273.6407
217.0843	217.0843	3664.7419
217.0887	217.0887	115405.9564
217.0949	217.0949	6755.2037
217.1337	217.1337	20985.4954
218.0840	218.0840	27895.6978
218.0877	218.0877	6523.6579
218.0901	218.0901	30599.8254
218.0921	218.0921	8525.5589
218.0966	218.0966	54634.1525
218.1177	218.1177	13993.628
219.0742	219.0742	10637.188
219.0806	219.0806	8052.582
219.0854	219.0854	2888.8742
219.0918	219.0918	59462.3046
219.1105	219.1105	78521.1091
219.1130	219.1130	2723.0247
220.0694	220.0694	40366.1009
220.0758	220.0758	31435.7167
220.0870	220.0870	20565.386
220.0951	220.0951	2202.4008
220.0997	220.0997	4545.1162
220.1058	220.1058	47873.5033
220.1080	220.1080	2436.9689
220.1122	220.1122	12836.9857
220.1445	220.1445	2509.5511
220.9410	220.9410	48110.027
221.0533	221.0533	3156.1518
221.0711	221.0711	6875.9565
221.0898	221.0898	7159.7142
221.1034	221.1034	7896.674
221.1074	221.1074	16993.8647
221.1262	221.1262	10319.1869
222.0850	222.0850	48191.7328
222.0915	222.0915	5727.0982
222.1027	222.1027	12209.0953
222.1214	222.1214	72636.0502
222.1238	222.1238	8753.881
222.9111	222.9111	6989.7411
223.0690	223.0690	3496.7685
223.0867	223.0867	6952.3906
223.1055	223.1055	3315.7401
223.1078	223.1078	4181.0357
223.1190	223.1190	7069.9354
223.1231	223.1231	9341.3563
223.1248	223.1248	2092.4011
223.1442	223.1442	2075.7048
223.1554	223.1554	2758.1222
224.0622	224.0622	10595.9149
224.1007	224.1007	4274.7122
224.1030	224.1030	6664.7634
224.1183	224.1183	7948.1989
224.1371	224.1371	7380.1695
224.1394	224.1394	9744.756
224.9860	224.9860	2101.6894
225.0612	225.0612	5593.6569
225.0959	225.0959	12130.9745
225.0983	225.0983	2533.3261
225.1023	225.1023	6186.3621
225.1322	225.1322	2143.7435
225.1347	225.1347	8581.1319
225.1387	225.1387	6976.6187
226.0452	226.0452	8598.9504
226.0778	226.0778	43391.9365
226.0976	226.0976	2670.8755
226.1187	226.1187	8916.7865
226.1299	226.1299	3915.9675
226.1551	226.1551	28820.1227
227.0221	227.0221	3715.5855
227.0404	227.0404	40496.2892
227.0730	227.0730	24003.4662
227.0768	227.0768	17801.9442
227.0813	227.0813	4734.9184
227.0856	227.0856	2582.4085
227.0904	227.0904	18732.8637
227.1140	227.1140	2851.967
227.1180	227.1180	4271.594
228.0357	228.0357	6246.6758
228.0608	228.0608	2235.1039
228.0720	228.0720	5558.368
228.0809	228.0809	63696.2017
228.1344	228.1344	2808.3685
228.1457	228.1457	13116.1988
229.0762	229.0762	34877.3103
229.0842	229.0842	4552.3778
229.0888	229.0888	6043.0746
229.0925	229.0925	20448.1332
229.0948	229.0948	3370.0664
229.0972	229.0972	2675.8384
229.1061	229.1061	6577.311
230.0514	230.0514	31205.4197
230.0764	230.0764	2035.4236
230.0840	230.0840	7095.8517
230.0877	230.0877	11492.9726
230.0902	230.0902	4966.2743
230.0966	230.0966	54446.3791
230.1290	230.1290	3209.0127
231.0329	231.0329	2677.5386
231.0741	231.0741	2672.732
231.0854	231.0854	16734.1609
231.0918	231.0918	30123.8109
231.0999	231.0999	3163.5486
231.1044	231.1044	2960.4024
231.1105	231.1105	8778.6645
231.1129	231.1129	5246.4893
232.0694	232.0694	3715.1806
232.0870	232.0870	3285.5533
232.0996	232.0996	8931.1281
232.1033	232.1033	6469.7083
232.1058	232.1058	24060.1364
232.1122	232.1122	7890.2027
233.0837	233.0837	4968.2063
233.0898	233.0898	20924.1691
233.1010	233.1010	5772.68
233.1074	233.1074	15930.3474
233.1262	233.1262	56675.3203
233.1286	233.1286	8105.7695
234.0850	234.0850	124539.3141
234.0914	234.0914	7536.4884
234.0962	234.0962	27952.6336
234.1027	234.1027	14494.66
234.1214	234.1214	42225.7142
234.1237	234.1237	2228.2337
235.0690	235.0690	3551.3751
235.0803	235.0803	17708.446
235.0866	235.0866	2482.4277
235.1055	235.1055	6125.4321
235.1166	235.1166	2374.8551
235.1191	235.1191	4218.1504
235.1231	235.1231	2568.5311
235.1418	235.1418	3215.9998
235.1442	235.1442	20712.6734
236.0642	236.0642	6425.1869
236.1007	236.1007	68048.9256
236.1069	236.1069	3043.2754
236.1183	236.1183	2144.9885
236.1370	236.1370	52270.7998
236.1394	236.1394	3782.5634
236.9723	236.9723	28262.1564
237.0700	237.0700	9552.2552
237.0846	237.0846	2517.7515
237.0959	237.0959	22637.1135
237.0982	237.0982	6747.4112
237.1023	237.1023	3225.0582
237.1211	237.1211	21688.3798
237.1347	237.1347	6589.3122
237.1599	237.1599	2032.2763
238.0653	238.0653	4945.3278
238.0799	238.0799	11324.7223
238.1163	238.1163	13500.9981
238.1187	238.1187	3320.7257
238.1551	238.1551	3493.4786
238.8886	238.8886	130647.0691
238.8982	238.8982	8261.0701
239.0516	239.0516	6291.0417
239.0856	239.0856	21599.082
239.1116	239.1116	4047.515
239.1180	239.1180	2151.9174
239.1503	239.1503	23988.2056
240.0719	240.0719	2485.871
240.0808	240.0808	30589.7838
240.1343	240.1343	11985.6553
241.0560	241.0560	8608.6824
241.0761	241.0761	6101.8089
241.0887	241.0887	56021.8644
241.0923	241.0923	6529.4951
241.0973	241.0973	2174.0566
241.1296	241.1296	20248.0794
241.1336	241.1336	3333.1594
242.0839	242.0839	21828.9249
242.0876	242.0876	3042.4487
242.0921	242.0921	2472.093
242.0965	242.0965	22400.8177
242.1289	242.1289	3421.3233
243.0854	243.0854	20133.9943
243.0918	243.0918	28765.8196
243.1044	243.1044	5215.8883
243.1082	243.1082	3631.7342
243.1105	243.1105	2352.8519
243.1129	243.1129	3081.3211
243.1452	243.1452	2264.3122
244.0670	244.0670	15993.5584
244.0759	244.0759	4979.4355
244.0806	244.0806	2383.9948
244.0996	244.0996	2970.4612
244.1034	244.1034	4320.2336
244.1058	244.1058	10673.889
244.1121	244.1121	6869.1717
244.1446	244.1446	2624.129
244.9056	244.9056	52977.3296
245.0874	245.0874	9989.3624
245.0897	245.0897	3567.2069
245.1010	245.1010	31159.4542
245.1075	245.1075	16098.769
245.1261	245.1261	7684.3094
245.1285	245.1285	6742.0309
245.1374	245.1374	13136.5603
246.0850	246.0850	14330.0801
246.0914	246.0914	4079.0025
246.0962	246.0962	9729.1666
246.1214	246.1214	33050.4255
247.1054	247.1054	7812.6354
247.1167	247.1167	3896.6697
247.1230	247.1230	2628.2509
247.1418	247.1418	29091.788
247.1441	247.1441	4530.6187
248.0621	248.0621	5588.077
248.0643	248.0643	4951.0241
248.0983	248.0983	2048.3992
248.1007	248.1007	110924.3886
248.1119	248.1119	5497.53
248.1370	248.1370	47684.7396
249.0611	249.0611	5385.843
249.0847	249.0847	5361.8925
249.0959	249.0959	22476.7883
249.1023	249.1023	2562.9033
249.1212	249.1212	2760.8596
249.1323	249.1323	2587.9644
249.1347	249.1347	7059.119
249.1574	249.1574	2664.7618
250.0779	250.0779	7240.6253
250.0799	250.0799	15386.9754
250.1163	250.1163	69432.3152
250.1527	250.1527	67189.0196
251.0731	251.0731	3791.4225
251.0752	251.0752	2924.7863
251.1116	251.1116	44943.9193
251.1139	251.1139	6048.0555
251.1479	251.1479	2570.1042
251.1503	251.1503	5747.015
252.0808	252.0808	7733.086
252.0934	252.0934	4484.6968
252.0955	252.0955	11466.5029
252.1319	252.1319	7920.5316
252.1684	252.1684	3353.7957
252.1706	252.1706	3925.8447
252.9038	252.9038	11046.5631
253.0560	253.0560	3328.4765
253.0672	253.0672	3542.9231
253.0761	253.0761	4756.5071
253.0887	253.0887	5590.2898
253.1272	253.1272	11879.2402
253.1660	253.1660	4723.5441
254.0511	254.0511	2405.0934
254.0877	254.0877	2455.0642
254.0965	254.0965	31665.9653
254.1248	254.1248	8369.5917
254.1500	254.1500	3610.4677
254.1612	254.1612	3957.9094
255.0717	255.0717	12689.3873
255.0853	255.0853	3542.3649
255.0917	255.0917	26008.1893
255.0998	255.0998	2123.4704
255.1081	255.1081	5775.676
256.0669	256.0669	12167.1617
256.0781	256.0781	3837.4471
256.0996	256.0996	15211.3228
256.1034	256.1034	2116.3211
256.1057	256.1057	6039.0234
256.1120	256.1120	4199.0827
256.1768	256.1768	4837.5322
257.0874	257.0874	2744.0208
257.1009	257.1009	35361.3617
257.1074	257.1074	13401.3024
258.0826	258.0826	7667.6369
258.0963	258.0963	7624.0496
258.1192	258.1192	2521.2265
258.1215	258.1215	10459.2635
258.1238	258.1238	11739.5126
258.1561	258.1561	2128.7705
259.0802	259.0802	2154.2292
259.1031	259.1031	3269.12
259.1055	259.1055	3155.7429
259.1167	259.1167	12505.9194
259.1230	259.1230	3295.7541
259.1418	259.1418	36688.7728
260.1007	260.1007	26704.3645
260.1119	260.1119	58326.5929
260.1371	260.1371	27682.8664
260.1394	260.1394	9863.3245
261.0959	261.0959	13115.5576
261.1236	261.1236	6048.7546
261.1323	261.1323	7103.1379
261.1575	261.1575	19288.6742
262.0800	262.0800	16768.672
262.1163	262.1163	107909.5413
262.1527	262.1527	36710.7681
262.1552	262.1552	2624.2164
263.0752	263.0752	8560.6638
263.0857	263.0857	2389.5494
263.1116	263.1116	32230.2005
263.1391	263.1391	3959.6317
264.0809	264.0809	6116.0108
264.0956	264.0956	16611.6627
264.1320	264.1320	66859.713
264.1684	264.1684	37360.0277
265.0887	265.0887	3958.5858
265.0908	265.0908	21227.0038
265.1161	265.1161	4982.953
265.1272	265.1272	55720.5734
265.1636	265.1636	4297.6841
265.1662	265.1662	2386.2911
266.0748	266.0748	3161.7873
266.0839	266.0839	4765.9294
266.0966	266.0966	4918.5413
266.1112	266.1112	13255.7625
266.1249	266.1249	3785.2332
266.1477	266.1477	4284.9862
267.0917	267.0917	6135.6758
267.1066	267.1066	4450.3342
267.1429	267.1429	21547.3699
267.1541	267.1541	9800.6777
268.0996	268.0996	2466.5196
268.1033	268.1033	2851.0622
268.1057	268.1057	2033.0682
268.1405	268.1405	6609.0175
269.0874	269.0874	10286.7339
269.1073	269.1073	8132.4513
270.0826	270.0826	11169.2913
270.0963	270.0963	2747.6959
270.1214	270.1214	3058.24
271.1054	271.1054	3128.6808
271.1166	271.1166	5446.3388
272.0983	272.0983	19191.9972
272.1007	272.1007	2481.0632
272.1118	272.1118	3841.5104
272.1348	272.1348	2044.0694
272.1370	272.1370	9024.1971
273.0959	273.0959	3081.1012
273.1187	273.1187	2518.416
273.1323	273.1323	13132.4682
273.1575	273.1575	2685.7317
274.0911	274.0911	3528.6501
274.1163	274.1163	39697.9838
274.1275	274.1275	30740.8093
274.1527	274.1527	8642.77
275.1115	275.1115	17441.8398
275.1368	275.1368	2151.974
275.1479	275.1479	3870.3839
275.1503	275.1503	27843.5792
275.1730	275.1730	9123.5613
276.0934	276.0934	2102.1112
276.0957	276.0957	8760.8973
276.1069	276.1069	2093.3608
276.1320	276.1320	116286.4126
276.1432	276.1432	2052.1617
276.1684	276.1684	41344.6852
277.0909	277.0909	17482.2912
277.1273	277.1273	54429.8369
277.1354	277.1354	2624.5067
277.1636	277.1636	4014.0188
277.1660	277.1660	7871.5549
278.0965	278.0965	6615.4371
278.1113	278.1113	25383.471
278.1476	278.1476	65514.3141
278.1840	278.1840	15281.062
278.8812	278.8812	3188.1177
279.0918	279.0918	4770.2353
279.1065	279.1065	30050.3812
279.1429	279.1429	75181.5905
279.1793	279.1793	3525.6162
280.0905	280.0905	5234.0074
280.1269	280.1269	5018.9173
280.8993	280.8993	3438.5495
281.1074	281.1074	2824.4553
281.1221	281.1221	2832.736
281.1586	281.1586	8595.5831
282.0826	282.0826	2225.2237
282.1925	282.1925	2442.0231
283.1055	283.1055	5285.9193
283.1166	283.1166	29192.7182
284.0621	284.0621	2035.1901
284.0982	284.0982	7288.698
284.1007	284.1007	3693.7218
284.1120	284.1120	3035.0234
284.1348	284.1348	1892.7224
285.1326	285.1326	2139.6336
286.0912	286.0912	7247.7032
286.1140	286.1140	13529.4606
286.1164	286.1164	13001.5824
286.1275	286.1275	2718.206
286.1528	286.1528	6950.5225
286.9162	286.9162	49865.8689
287.1116	287.1116	8186.2957
287.1480	287.1480	4013.9543
287.1503	287.1503	28619.2934
288.0956	288.0956	2235.6673
288.1068	288.1068	16383.4316
288.1320	288.1320	56696.9467
288.1432	288.1432	7924.3442
288.1683	288.1683	10667.2545
288.8603	288.8603	17055.9978
289.0908	289.0908	2725.6723
289.1272	289.1272	29231.5617
289.1636	289.1636	4172.8556
290.1089	290.1089	2488.9591
290.1112	290.1112	7666.2921
290.1476	290.1476	137013.0278
290.1588	290.1588	3433.2077
290.1840	290.1840	13721.4151
291.1065	291.1065	39633.3753
291.1428	291.1428	73345.0127
291.1510	291.1510	7552.3109
292.0904	292.0904	5927.6051
292.1269	292.1269	24300.9615
292.1632	292.1632	34574.6207
293.0857	293.0857	2944.6318
293.1221	293.1221	45795.1358
293.1585	293.1585	104042.3388
294.1062	294.1062	5345.5588
294.1174	294.1174	2085.7886
294.1425	294.1425	8880.2334
295.1014	295.1014	5146.9679
295.1378	295.1378	5790.4252
295.1418	295.1418	2988.2369
295.1742	295.1742	13549.2308
296.1719	296.1719	4814.1373
297.1324	297.1324	1898.5936
297.1558	297.1558	3305.4973
298.0774	298.0774	2118.3895
298.1140	298.1140	2825.0992
298.1164	298.1164	8549.9578
299.1480	299.1480	28903.7199
300.0933	300.0933	2832.1647
300.1068	300.1068	7690.7051
300.1296	300.1296	4864.8251
300.1321	300.1321	8404.6667
300.1434	300.1434	3080
300.1684	300.1684	5969.9556
300.8349	300.8349	5051.1242
301.0631	301.0631	82850.371
301.0884	301.0884	4101.4442
301.1249	301.1249	4336.0353
301.1273	301.1273	5897.8846
301.1637	301.1637	7184.8045
302.1114	302.1114	5455.3317
302.1225	302.1225	34241.8446
302.1476	302.1476	42492.9487
302.1588	302.1588	2191.2493
302.1841	302.1841	10923.7984
302.8679	302.8679	4344.8616
303.1065	303.1065	11860.4366
303.1219	303.1219	2457.1658
303.1429	303.1429	31090.8994
303.1453	303.1453	39337.4538
304.1245	304.1245	2765.0662
304.1269	304.1269	8304.7637
304.1381	304.1381	5059.0024
304.1633	304.1633	99680.4877
304.1769	304.1769	4158.0817
304.1997	304.1997	26339.4662
305.1222	305.1222	65913.2024
305.1335	305.1335	2782.3525
305.1585	305.1585	67966.2654
305.1666	305.1666	3883.2635
305.1950	305.1950	2700.1046
306.1061	306.1061	10146.7838
306.1174	306.1174	6905.422
306.1425	306.1425	29376.0059
306.1619	306.1619	2328.6825
306.1789	306.1789	43118.5347
306.2152	306.2152	4191.0592
306.8519	306.8519	4315394.232
306.8613	306.8613	25200.9217
307.1013	307.1013	8139.0995
307.1378	307.1378	46685.552
307.1742	307.1742	54773.8839
307.1823	307.1823	2034.3261
307.8512	307.8512	41050.8082
308.1041	308.1041	3395.7924
308.1218	308.1218	4431.8954
308.1329	308.1329	15938.0161
308.1582	308.1582	14720.0906
308.1694	308.1694	5851.8214
308.1720	308.1720	2159.2186
308.8476	308.8476	309977.5235
308.8561	308.8561	45000.1521
308.8941	308.8941	34341.7596
309.1170	309.1170	8088.5177
309.1534	309.1534	17413.3415
309.1897	309.1897	36741.1519
310.1484	310.1484	3431.5489
310.1876	310.1876	2371.9983
311.1367	311.1367	2553.2238
312.1296	312.1296	2744.5288
312.1319	312.1319	3565.9882
312.9318	312.9318	7577.7547
313.1272	313.1272	2926.8311
314.1113	314.1113	5246.5979
314.1225	314.1225	53181.1641
314.1475	314.1475	11601.3062
314.1588	314.1588	3576.4215
314.9110	314.9110	783409.528
315.1041	315.1041	2104.9143
315.1177	315.1177	3811.8504
315.1428	315.1428	13512.4846
315.9145	315.9145	10460.077
316.1270	316.1270	11069.5107
316.1381	316.1381	6158.544
316.1633	316.1633	49611.0942
316.1745	316.1745	4981.9439
316.9070	316.9070	13476.044
317.1222	317.1222	12858.9423
317.1334	317.1334	28170.5991
317.1586	317.1586	31541.6964
317.1948	317.1948	3718.075
318.1174	318.1174	3512.8957
318.1327	318.1327	7634.082
318.1426	318.1426	9341.7391
318.1538	318.1538	6898.6511
318.1790	318.1790	79896.6316
318.2155	318.2155	2605.8006
318.8455	318.8455	179372.481
319.1018	319.1018	2146.9295
319.1378	319.1378	83059.302
319.1489	319.1489	2881.1447
319.1742	319.1742	69289.6803
319.1822	319.1822	3113.2813
320.1219	320.1219	4539.9378
320.1330	320.1330	15991.4895
320.1582	320.1582	8941.8326
320.1720	320.1720	6209.4113
320.1946	320.1946	18671.4976
320.8413	320.8413	5530.7966
321.1170	321.1170	8443.5334
321.1282	321.1282	2303.7352
321.1534	321.1534	73034.257
321.1899	321.1899	73975.1872
322.1126	322.1126	3881.8179
322.1375	322.1375	9799.039
322.1487	322.1487	25926.9009
322.1874	322.1874	2338.0939
322.8258	322.8258	39656.9369
323.1327	323.1327	12979.9281
323.1690	323.1690	10181.4687
323.2055	323.2055	22009.8551
324.1320	324.1320	15169.6153
324.1644	324.1644	10520.9228
324.8498	324.8498	4463.5774
324.8594	324.8594	11351.4142
326.1087	326.1087	2061.4765
326.3783	326.3783	5071.5968
327.1429	327.1429	4980.4579
328.1270	328.1270	5616.5239
328.1381	328.1381	48385.5061
328.1633	328.1633	2741.6177
328.8433	328.8433	151953.0026
328.9269	328.9269	4243.0094
329.1335	329.1335	2297.3353
329.1585	329.1585	10639.074
330.1426	330.1426	5368.7595
330.1538	330.1538	10373.4915
330.1789	330.1789	39306.2125
331.1378	331.1378	33926.1973
331.1490	331.1490	3073.4201
331.1742	331.1742	50625.925
332.1330	332.1330	9277.3269
332.1582	332.1582	6603.047
332.1694	332.1694	3547.2289
332.1775	332.1775	2297.7475
332.1946	332.1946	59940.1871
333.1170	333.1170	3047.0924
333.1534	333.1534	95030.8577
333.1650	333.1650	2076.1362
333.1898	333.1898	95112.3411
334.1122	334.1122	5781.7725
334.1374	334.1374	4920.0681
334.1487	334.1487	33721.3082
334.1567	334.1567	2041.6681
334.1738	334.1738	31956.8443
334.1932	334.1932	3597.3386
334.2101	334.2101	4945.9762
335.1327	335.1327	11468.2746
335.1691	335.1691	63399.9701
335.2055	335.2055	67040.2905
336.0932	336.0932	2156.1752
336.1280	336.1280	12851.396
336.1354	336.1354	4566.2466
336.1531	336.1531	10121.5644
336.1643	336.1643	65087.3954
336.1895	336.1895	5600.862
336.2007	336.2007	7236.2182
336.8561	336.8561	7564.7547
337.1484	337.1484	14217.9336
337.1848	337.1848	7534.3609
338.1436	338.1436	2529.8403
338.1475	338.1475	7953.9388
338.1800	338.1800	11231.2333
338.1827	338.1827	3337.9395
338.9111	338.9111	39754.7505
339.1641	339.1641	4980.9486
339.1793	339.1793	2092.3613
340.1270	340.1270	16763.2767
340.1632	340.1632	6646.0771
340.8274	340.8274	56431.0555
340.8370	340.8370	60535.08
341.1198	341.1198	6413.4759
341.1584	341.1584	3953.5103
342.1425	342.1425	13543.0036
342.1538	342.1538	7023.9513
342.1894	342.1894	2109.2676
343.1353	343.1353	3716.6849
343.1381	343.1381	3391.4014
343.1489	343.1489	5886.5995
343.1742	343.1742	12770.5905
344.1330	344.1330	2300.9568
344.1583	344.1583	4805.4472
344.1695	344.1695	12950.6945
344.1946	344.1946	21700.7235
345.1173	345.1173	2368.3888
345.1284	345.1284	5770.4657
345.1535	345.1535	34056.8875
345.1647	345.1647	44985.1395
345.1899	345.1899	32074.6351
346.1487	346.1487	13896.99
346.1682	346.1682	2076.3876
346.1739	346.1739	4197.3008
346.1852	346.1852	4318.9978
346.2103	346.2103	24035.7258
346.8443	346.8443	6902.7364
346.8540	346.8540	9748.2755
347.1327	347.1327	6818.2831
347.1439	347.1439	3917.0477
347.1691	347.1691	141486.9502
347.2055	347.2055	59869.5896
348.1280	348.1280	12108.7022
348.1643	348.1643	37117.0356
348.1724	348.1724	8643.0469
348.1896	348.1896	3342.5437
348.2008	348.2008	6357.7196
349.1118	349.1118	3190.1643
349.1484	349.1484	16058.0475
349.1634	349.1634	2498.5137
349.1847	349.1847	82715.3127
349.1983	349.1983	2158.6933
349.2211	349.2211	49728.1465
350.1435	350.1435	10299.2346
350.1799	350.1799	32762.0993
350.1881	350.1881	3080.9733
351.1428	351.1428	2786.5871
351.1463	351.1463	2741.5096
351.1640	351.1640	26369.6311
351.2004	351.2004	15140.2758
352.1594	352.1594	3109.0323
352.1632	352.1632	2299.5947
353.1796	353.1796	2815.8084
353.1908	353.1908	2069.2332
354.1426	354.1426	5798.3554
354.1538	354.1538	3044.4689
354.1788	354.1788	2271.789
354.9036	354.9036	63317.6422
355.1741	355.1741	13057.1514
356.1582	356.1582	2797.9098
356.1694	356.1694	2901.6386
356.1946	356.1946	3575.2685
357.1534	357.1534	24667.4413
357.1648	357.1648	2750.0703
357.1898	357.1898	23138.4591
358.1487	358.1487	7525.0187
358.2102	358.2102	37741.1136
359.1440	359.1440	4073.9669
359.1691	359.1691	54948.2912
359.1802	359.1802	10585.6682
359.2054	359.2054	39540.4326
360.1281	360.1281	4381.2304
360.1643	360.1643	17164.7977
360.1724	360.1724	2465.4981
360.1898	360.1898	2446.4727
360.2007	360.2007	6433.2289
360.2089	360.2089	3599.0486
360.2259	360.2259	3815.7383
361.1483	361.1483	7516.8013
361.1847	361.1847	113133.1247
361.1959	361.1959	2125.7291
361.2211	361.2211	70270.266
362.1436	362.1436	30489.3671
362.1547	362.1547	2108.2254
362.1687	362.1687	18845.4397
362.1800	362.1800	56313.583
362.1881	362.1881	5459.8976
362.2164	362.2164	21554.7421
362.2245	362.2245	4215.3642
363.1276	363.1276	2647.0286
363.1387	363.1387	2041.3215
363.1640	363.1640	20107.9158
363.2004	363.2004	60789.5404
363.2368	363.2368	31752.4603
364.1593	364.1593	32065.6929
364.1668	364.1668	2292.9943
364.1844	364.1844	2602.7356
364.1956	364.1956	75869.8558
364.2038	364.2038	2164.5731
364.2320	364.2320	4812.7534
365.1433	365.1433	3347.8042
365.1797	365.1797	8373.059
365.1989	365.1989	3055.6488
365.2160	365.2160	11251.0425
366.1749	366.1749	6248.0947
366.2112	366.2112	25123.1145
368.1583	368.1583	10110.4079
368.1691	368.1691	2102.9353
369.1534	369.1534	12061.7549
369.1647	369.1647	4916.5572
369.1899	369.1899	2237.4579
370.1375	370.1375	2168.8782
370.1739	370.1739	3223.3877
370.1850	370.1850	7174.0137
371.1440	371.1440	23782.8061
371.1692	371.1692	8944.8333
371.1803	371.1803	11690.8191
371.2055	371.2055	7322.6497
372.1432	372.1432	2476.6758
372.1643	372.1643	2771.9794
372.2007	372.2007	12112.2439
372.2258	372.2258	3339.3477
373.1484	373.1484	3723.9392
373.1596	373.1596	12164.7959
373.1848	373.1848	31265.4154
373.1962	373.1962	2493.7383
373.2211	373.2211	21391.8244
374.0238	374.0238	16798.7658
374.1437	374.1437	3630.5502
374.1548	374.1548	2429.3836
374.1589	374.1589	2698.7113
374.1800	374.1800	16132.5749
374.2163	374.2163	4813.4273
375.1389	375.1389	2377.8999
375.1640	375.1640	8817.5575
375.1755	375.1755	2486.0482
375.2004	375.2004	104126.6012
375.2368	375.2368	21531.8019
376.1593	376.1593	35534.7832
376.1957	376.1957	51940.4027
376.2038	376.2038	5913.6554
376.2322	376.2322	3255.9727
377.1546	377.1546	5647.8946
377.1797	377.1797	28779.2426
377.1936	377.1936	2179.1589
377.1990	377.1990	2832.34
377.2160	377.2160	50148.21
377.2524	377.2524	4774.0558
378.1386	378.1386	3730.8045
378.1749	378.1749	37895.4752
378.2113	378.2113	63723.9371
378.2476	378.2476	7598.5627
378.9037	378.9037	3346.0031
379.1591	379.1591	3126.696
379.1701	379.1701	13698.7619
379.1779	379.1779	2741.7862
379.1953	379.1953	42799.7793
379.2681	379.2681	2165.5764
380.1541	380.1541	5840.9745
380.1906	380.1906	13438.2782
380.1947	380.1947	2277.2273
380.2269	380.2269	11544.3476
380.8200	380.8200	11979.2611
381.1534	381.1534	4893.3816
382.1738	382.1738	7960.3505
382.1843	382.1843	2269.8484
383.1689	383.1689	12198.0938
383.2054	383.2054	2063.7018
384.1645	384.1645	3713.016
384.1894	384.1894	3601.3435
385.1484	385.1484	13320.9634
385.1595	385.1595	9254.3377
385.1848	385.1848	25376.4675
385.2212	385.2212	14654.5893
386.1801	386.1801	8324.4888
386.2164	386.2164	6273.0882
387.1640	387.1640	8836.9344
387.1753	387.1753	13550.3564
387.2004	387.2004	58803.2229
387.2115	387.2115	13342.2186
387.2367	387.2367	12801.2004
388.1593	388.1593	8565.9644
388.1956	388.1956	32180.7236
388.2318	388.2318	6437.1078
389.1546	389.1546	2449.5173
389.1698	389.1698	14287.0355
389.1796	389.1796	7221.2285
389.1908	389.1908	2421.5917
389.2160	389.2160	92629.7414
389.2525	389.2525	5373.586
390.1749	390.1749	53907.2995
390.2113	390.2113	60025.5825
390.2194	390.2194	5509.8932
390.2476	390.2476	4241.1138
391.1525	391.1525	6063.0416
391.1589	391.1589	5709.0249
391.1700	391.1700	3358.8708
391.1781	391.1781	3263.4948
391.1953	391.1953	27768.1394
391.2316	391.2316	28417.7651
392.1543	392.1543	4354.8074
392.1906	392.1906	49843.3347
392.2270	392.2270	68284.5316
393.1745	393.1745	7012.3826
393.1858	393.1858	6060.1958
393.2109	393.2109	8377.0394
393.2221	393.2221	7042.6618
394.1699	394.1699	8537.937
394.1851	394.1851	2687.4647
394.2061	394.2061	9521.2894
394.2425	394.2425	3154.5286
395.1688	395.1688	3725.288
396.1644	396.1644	2202.8898
396.2007	396.2007	3137.8813
397.1480	397.1480	2686.539
397.1596	397.1596	4202.0375
397.1848	397.1848	9745.1669
397.2212	397.2212	9189.9285
398.1800	398.1800	3736.3026
398.2164	398.2164	3473.0838
399.1639	399.1639	6041.6685
399.1753	399.1753	39364.7455
399.2004	399.2004	27037.2682
399.2114	399.2114	2399.1485
399.2367	399.2367	5691.8252
400.1958	400.1958	14210.1446
401.1796	401.1796	10018.6921
401.1909	401.1909	8649.625
401.2161	401.2161	47020.6926
401.2271	401.2271	2212.5133
401.2525	401.2525	7023.6396
402.1750	402.1750	29237.5355
402.1861	402.1861	10771.0536
402.2113	402.2113	35466.4866
402.2193	402.2193	2751.5732
403.1952	403.1952	11849.3243
403.2066	403.2066	6370.6231
403.2318	403.2318	65311.2881
403.2681	403.2681	3119.3179
404.1541	404.1541	2841.1971
404.1906	404.1906	54765.6628
404.2269	404.2269	57037.9004
404.2351	404.2351	3254.5492
404.2635	404.2635	4643.3823
405.1495	405.1495	4688.2812
405.1747	405.1747	10070.1281
405.1859	405.1859	12581.6127
405.2110	405.2110	46411.9185
405.2221	405.2221	3909.106
405.2473	405.2473	14904.8128
406.1699	406.1699	18867.6121
406.2063	406.2063	47214.1117
406.2426	406.2426	58286.3771
407.1651	407.1651	2604.1461
407.1727	407.1727	5872.7752
407.1902	407.1902	3378.0481
407.2014	407.2014	7865.6735
407.2267	407.2267	11304.026
407.2378	407.2378	16637.9527
407.2460	407.2460	2259.0323
408.1855	408.1855	16140.7328
408.2219	408.2219	10849.5365
408.2583	408.2583	8896.5896
409.1847	409.1847	9867.1108
409.1885	409.1885	2951.2237
409.2170	409.2170	5948.0822
410.2011	410.2011	5232.6909
411.1641	411.1641	20980.645
411.2004	411.2004	6366.9072
411.2116	411.2116	2394.9607
411.2367	411.2367	2570.8338
412.1587	412.1587	4384.0771
413.1797	413.1797	9014.2598
413.1907	413.1907	4025.0075
413.2160	413.2160	12345.3042
413.2273	413.2273	21282.7835
414.1749	414.1749	10090.2519
414.1864	414.1864	2590.3839
414.2113	414.2113	9847.4869
414.2474	414.2474	2764.3498
415.1703	415.1703	2166.9809
415.1953	415.1953	4588.6569
415.2065	415.2065	4767.3308
415.2317	415.2317	34877.4314
416.1906	416.1906	28618.4304
416.2017	416.2017	3908.4683
416.2270	416.2270	36720.7587
416.2634	416.2634	2028.5369
417.1647	417.1647	2048.1179
417.1858	417.1858	8415.7879
417.2110	417.2110	5620.7699
417.2474	417.2474	23626.9431
418.1698	418.1698	5730.274
418.2062	418.2062	70448.6547
418.2427	418.2427	52238.1469
419.1650	419.1650	2295.3873
419.1765	419.1765	2199.8957
419.1901	419.1901	4713.5952
419.2015	419.2015	24918.0445
419.2097	419.2097	2757.7382
419.2265	419.2265	8648.3529
419.2461	419.2461	2665.3577
419.2631	419.2631	6649.6753
420.1855	420.1855	13664.9434
420.2219	420.2219	63363.9092
420.2583	420.2583	42206.096
421.1807	421.1807	5007.7712
421.2060	421.2060	11322.0536
421.2171	421.2171	29746.614
421.2423	421.2423	2787.6386
421.2540	421.2540	4012.7838
422.1835	422.1835	3562.9553
422.2012	422.2012	21525.7163
422.2374	422.2374	18353.3151
422.2738	422.2738	2135.9411
423.1965	423.1965	4539.4357
423.2328	423.2328	3500.4722
424.1593	424.1593	1957.9129
424.1994	424.1994	2171.4212
424.2170	424.2170	2323.575
425.1797	425.1797	11627.7921
425.1908	425.1908	3893.5284
425.2159	425.2159	4805.6437
425.2519	425.2519	3100.4717
426.1747	426.1747	4390.591
426.2112	426.2112	5387.0846
427.1954	427.1954	8869.779
427.2069	427.2069	4281.5383
427.2316	427.2316	7444.8955
428.1655	428.1655	4709.8554
428.1904	428.1904	10115.1908
428.2269	428.2269	11599.5542
429.1859	429.1859	4688.2386
429.2110	429.2110	5544.299
429.2219	429.2219	3855.5218
429.2476	429.2476	9855.0255
430.1812	430.1812	4859.6684
430.2063	430.2063	26054.0725
430.2427	430.2427	49007.4677
431.1649	431.1649	2072.7048
431.1803	431.1803	2066.9008
431.2014	431.2014	10410.7206
431.2266	431.2266	3622.3163
431.2380	431.2380	4468.2574
431.2630	431.2630	26976.5008
432.1857	432.1857	4643.96
432.1969	432.1969	2139.1226
432.2219	432.2219	57927.4661
432.2583	432.2583	36433.8831
432.2949	432.2949	2262.0632
433.1809	433.1809	12313.9325
433.2060	433.2060	28541.1383
433.2171	433.2171	32298.0666
433.2254	433.2254	2228.0399
433.2422	433.2422	2929.2745
434.2012	434.2012	16671.5465
434.2376	434.2376	38023.1894
434.2739	434.2739	44728.6354
435.1965	435.1965	15078.2626
435.2216	435.2216	4496.144
435.2328	435.2328	48843.3765
436.1805	436.1805	3185.3659
436.2169	436.2169	12929.9495
436.2532	436.2532	7510.8791
437.2123	437.2123	7901.6825
437.2485	437.2485	11183.4104
438.1747	438.1747	3092.8817
438.2108	438.2108	2347.2623
439.1953	439.1953	8422.6557
439.2068	439.2068	2825.8486
440.1901	440.1901	5065.879
441.2112	441.2112	5461.088
441.2222	441.2222	8554.0868
442.2064	442.2064	8258.5744
442.2426	442.2426	14043.9802
442.7663	442.7663	102008.9666
443.1805	443.1805	2281.8085
443.2378	443.2378	6982.0979
443.2629	443.2629	5977.8404
444.1759	444.1759	2451.9502
444.1854	444.1854	3970.8399
444.1969	444.1969	2226.755
444.2219	444.2219	30747.7465
444.2583	444.2583	39292.7076
445.1631	445.1631	3276.5276
445.1812	445.1812	3692.7891
445.2059	445.2059	46131.7788
445.2172	445.2172	15334.1508
445.2213	445.2213	7861.4862
445.2538	445.2538	4587.5064
445.2786	445.2786	2505.9723
446.1913	446.1913	7886.9119
446.2011	446.2011	19212.7817
446.2376	446.2376	61665.1283
446.2739	446.2739	51989.2877
446.3105	446.3105	4557.8434
447.1963	447.1963	21659.4264
447.2217	447.2217	2867.4946
447.2329	447.2329	33099.3521
447.2695	447.2695	4522.1585
447.2772	447.2772	3494.8683
448.1804	448.1804	2340.2905
448.1950	448.1950	1842.9134
448.2170	448.2170	23652.6293
448.2532	448.2532	42759.1839
448.2895	448.2895	6251.6223
448.7832	448.7832	617672.7951
448.7928	448.7928	4854.5893
449.1765	449.1765	3584.1799
449.2121	449.2121	30697.4055
449.2485	449.2485	16592.1757
449.2569	449.2569	2099.9679
449.2847	449.2847	2181.7019
450.1961	450.1961	3471.8426
450.2153	450.2153	4872.1108
450.2324	450.2324	11779.2482
450.2688	450.2688	5528.0902
450.7790	450.7790	59819.8569
450.7875	450.7875	4244.0989
450.8255	450.8255	7859.0447
451.1913	451.1913	6708.8054
451.2278	451.2278	5221.4637
451.2319	451.2319	3375.6064
451.2644	451.2644	4261.1282
452.1904	452.1904	8038.6797
453.1858	453.1858	2247.2742
453.2110	453.2110	14586.6789
453.2222	453.2222	3510.2599
453.2471	453.2471	2101.7814
454.2063	454.2063	14039.4468
454.2426	454.2426	2455.0998
455.2269	455.2269	2979.7153
455.2377	455.2377	7492.7232
455.2632	455.2632	2127.3872
456.1853	456.1853	6593.5223
456.2218	456.2218	20044.388
456.2331	456.2331	2357.851
456.2582	456.2582	12420.6188
456.8425	456.8425	178478.1446
457.2173	457.2173	4723.3687
457.2424	457.2424	2717.8622
457.2533	457.2533	5111.2936
457.2791	457.2791	2657.7921
458.2012	458.2012	3997.7024
458.2375	458.2375	29946.2823
458.2488	458.2488	12847.398
458.2740	458.2740	12499.4929
458.8380	458.8380	2709.6114
459.1965	459.1965	12277.3207
459.2329	459.2329	15095.1355
459.2698	459.2698	4189.1954
460.1918	460.1918	2452.3478
460.2169	460.2169	5169.5825
460.2533	460.2533	53738.6054
460.2897	460.2897	5093.0373
461.2013	461.2013	3392.8888
461.2121	461.2121	22726.2318
461.2485	461.2485	30073.8054
461.2564	461.2564	2166.343
461.2846	461.2846	4940.4712
462.1961	462.1961	2982.9114
462.2325	462.2325	12823.9298
462.2443	462.2443	2605.6928
462.2689	462.2689	46957.2656
463.1915	463.1915	5791.5207
463.2165	463.2165	129476.1703
463.2277	463.2277	34209.2276
463.2642	463.2642	32748.5264
464.1943	464.1943	3929.4356
464.2199	464.2199	9645.5078
464.2483	464.2483	9466.3588
464.2595	464.2595	14920.4639
464.2638	464.2638	3825.6436
464.2847	464.2847	6763.0027
465.2071	465.2071	7623.3776
465.2227	465.2227	2420.9674
465.2436	465.2436	11553.9111
465.2799	465.2799	2253.6334
466.7906	466.7906	2030.3269
467.2378	467.2378	2171.1063
468.1855	468.1855	5312.1334
468.2220	468.2220	6623.5922
468.2331	468.2331	3158.8922
469.2058	469.2058	3480.2336
469.2534	469.2534	2116.7691
470.2011	470.2011	11620.3162
470.2123	470.2123	9994.6735
470.2375	470.2375	10463.7012
470.2489	470.2489	21411.7463
470.2740	470.2740	6570.3024
471.2329	471.2329	4809.5607
471.2689	471.2689	3474.163
472.2167	472.2167	10070.6867
472.2283	472.2283	2227.2391
472.2533	472.2533	39070.4868
472.2643	472.2643	3788.9701
472.2895	472.2895	17411.1084
473.2121	473.2121	12071.0178
473.2233	473.2233	8692.4031
473.2485	473.2485	15186.1759
473.2565	473.2565	2050.1378
473.2850	473.2850	5470.7897
474.2071	474.2071	2363.1981
474.2326	474.2326	5032.2438
474.2444	474.2444	2948.0264
474.2689	474.2689	36940.6747
474.3053	474.3053	20548.5436
475.2278	475.2278	31104.0097
475.2391	475.2391	2355.6401
475.2641	475.2641	31084.5862
476.2023	476.2023	2011.9093
476.2121	476.2121	3328.783
476.2232	476.2232	4461.6299
476.2482	476.2482	20207.1193
476.2601	476.2601	2546.032
476.2846	476.2846	12145.7368
476.3211	476.3211	2043.2138
477.2071	477.2071	7574.0708
477.2435	477.2435	21202.6962
477.2798	477.2798	44058.5362
478.2103	478.2103	2483.9008
478.2277	478.2277	4879.5207
478.2388	478.2388	8756.8911
478.2638	478.2638	6521.5191
479.2228	479.2228	4883.3802
479.2590	479.2590	5631.4371
479.2954	479.2954	14423.8455
480.2217	480.2217	4732.6112
480.2544	480.2544	5518.8182
480.8425	480.8425	2957.2652
481.2183	481.2183	2862.2632
482.2012	482.2012	3171.1067
482.2374	482.2374	9878.0128
482.2484	482.2484	4608.1767
482.7683	482.7683	22455.8736
483.1961	483.1961	2247.6439
483.2327	483.2327	10030.6869
484.2169	484.2169	7867.4531
484.2282	484.2282	7600.2183
484.2533	484.2533	7841.9294
484.2642	484.2642	4955.4389
484.2893	484.2893	3530.6571
485.2120	485.2120	5151.9412
485.2485	485.2485	8653.1275
485.2846	485.2846	2558.131
486.2324	486.2324	6498.9148
486.2437	486.2437	11361.501
486.2688	486.2688	13691.696
486.3050	486.3050	3463.3849
487.2283	487.2283	10656.5977
487.2642	487.2642	20019.6559
487.3005	487.3005	4293.0775
488.2228	488.2228	3636.434
488.2482	488.2482	3772.423
488.2600	488.2600	3109.1117
488.2846	488.2846	36082.1868
488.7852	488.7852	38045.5102
489.2434	489.2434	27637.4596
489.2798	489.2798	31847.6736
490.2275	490.2275	4788.4507
490.2386	490.2386	8992.293
490.2639	490.2639	7783.5548
490.2757	490.2757	5594.7655
490.3003	490.3003	6150.6581
491.2118	491.2118	28907.2068
491.2228	491.2228	11486.9234
491.2590	491.2590	32363.4017
491.2955	491.2955	17107.1902
491.3318	491.3318	4135.9972
492.2174	492.2174	3787.9221
492.2431	492.2431	3937.8527
492.2544	492.2544	8849.6608
492.2914	492.2914	4113.0595
493.2385	493.2385	10387.1572
493.2748	493.2748	10143.5087
493.3112	493.3112	3881.241
494.2713	494.2713	2952.9495
495.2176	495.2176	2841.479
495.2544	495.2544	2612.3712
495.2693	495.2693	2052.0803
496.2167	496.2167	6736.4353
496.2530	496.2530	8983.4698
496.8349	496.8349	4582.3044
497.2119	497.2119	2913.2867
497.2485	497.2485	3892.8591
497.2853	497.2853	2039.4842
498.2324	498.2324	9422.1852
498.2436	498.2436	13733.5528
498.2687	498.2687	7101.1023
499.2281	499.2281	3505.9581
499.2642	499.2642	18045.8675
500.2116	500.2116	3598.3501
500.2483	500.2483	7947.9374
500.2593	500.2593	13449.0182
500.2845	500.2845	17627.3278
501.2435	501.2435	16101.0842
501.2798	501.2798	18438.8191
502.2388	502.2388	4855.3991
502.2538	502.2538	3417.2459
502.2635	502.2635	2104.2641
502.2763	502.2763	3763.2617
502.3002	502.3002	17751.6093
503.2229	503.2229	2258.5153
503.2590	503.2590	30005.6017
503.2955	503.2955	23148.8083
504.2176	504.2176	4679.9263
504.2366	504.2366	5487.4503
504.2433	504.2433	3361.9665
504.2547	504.2547	6229.4629
504.2629	504.2629	2296.4094
504.2799	504.2799	3019.9519
504.2916	504.2916	3677.7841
505.2385	505.2385	7926.0258
505.2532	505.2532	2213.3484
505.2746	505.2746	28021.7507
505.3112	505.3112	12385.9507
506.2338	506.2338	5809.7717
506.2414	506.2414	2480.2324
506.2701	506.2701	6463.1136
507.2364	507.2364	6077.4398
507.2541	507.2541	7713.2155
507.2907	507.2907	7224.3826
508.2382	508.2382	6013.588
508.2496	508.2496	5238.4663
508.2856	508.2856	8649.1397
510.2327	510.2327	10153.7959
510.2436	510.2436	2885.7585
510.2684	510.2684	5892.6192
510.2796	510.2796	2274.8849
511.2181	511.2181	2121.2583
511.2277	511.2277	4754.6011
511.2643	511.2643	3918.304
512.2227	512.2227	3144.7732
512.2485	512.2485	4400.3795
512.2593	512.2593	11510.2435
512.2842	512.2842	3512.5031
513.2073	513.2073	3845.0035
513.2435	513.2435	7936.2957
513.2797	513.2797	10989.3965
514.2277	514.2277	2234.9522
514.2638	514.2638	4590.2265
514.2753	514.2753	7394.1174
514.3001	514.3001	4859.4662
515.2229	515.2229	2957.2722
515.2590	515.2590	8584.8326
515.2704	515.2704	9659.2336
515.2955	515.2955	19770.9418
516.2180	516.2180	2650.498
516.2431	516.2431	2672.089
516.2542	516.2542	4977.5558
516.2794	516.2794	2068.4726
516.2916	516.2916	4451.0752
516.3157	516.3157	2384.4659
516.3277	516.3277	3108.7703
517.2285	517.2285	2004.5491
517.2384	517.2384	6602.3923
517.2747	517.2747	25679.9725
517.2859	517.2859	6018.6903
517.3112	517.3112	21780.643
518.2336	518.2336	7693.9965
518.2591	518.2591	2466.37
518.2701	518.2701	12391.2996
518.3066	518.3066	3528.2143
519.2540	519.2540	9554.8945
519.2904	519.2904	15278.0279
519.3267	519.3267	20320.792
520.2498	520.2498	7907.7823
520.2859	520.2859	15298.4739
520.3227	520.3227	4710.4627
521.2696	521.2696	14539.2945
521.3060	521.3060	5432.8519
522.2537	522.2537	3143.9244
522.3015	522.3015	2067.1526
524.2593	524.2593	3012.1173
524.2954	524.2954	1967.9681
525.2433	525.2433	5555.5459
525.2546	525.2546	3457.0566
525.2799	525.2799	3150.661
526.2280	526.2280	7011.9606
526.2639	526.2639	3606.9914
526.2752	526.2752	4950.16
527.2228	527.2228	3681.3056
527.2337	527.2337	8763.5096
527.2591	527.2591	11913.2165
527.2702	527.2702	11019.5775
527.2959	527.2959	4697.3354
528.2431	528.2431	3031.9448
528.2545	528.2545	6752.1191
528.2912	528.2912	2993.3944
529.2384	529.2384	5748.7636
529.2494	529.2494	2150.1183
529.2747	529.2747	19143.7384
529.2860	529.2860	8524.9728
529.3111	529.3111	16100.3291
530.2336	530.2336	4589.5723
530.2486	530.2486	2291.2775
530.2704	530.2704	8370.6612
531.2537	531.2537	3727.2728
531.2904	531.2904	18359.1456
531.3269	531.3269	9911.829
531.3630	531.3630	5691.2522
532.2496	532.2496	11732.4915
532.2856	532.2856	12220.3054
532.3227	532.3227	4694.0664
533.2698	533.2698	11169.5221
533.2846	533.2846	5538.9212
533.3060	533.3060	14375.9234
533.3425	533.3425	4663.8059
534.2284	534.2284	2364.3417
534.2534	534.2534	2860.6295
534.2649	534.2649	14388.9513
534.3014	534.3014	14711.1955
535.2303	535.2303	2087.4907
535.2488	535.2488	2862.4001
535.2854	535.2854	11212.2149
535.3002	535.3002	3088.2247
535.3216	535.3216	2499.8536
536.2445	536.2445	2170.1072
536.2814	536.2814	7493.6806
536.3170	536.3170	3445.1187
537.2434	537.2434	8187.8006
537.2799	537.2799	2138.1117
538.2746	538.2746	3815.5031
539.2228	539.2228	3007.3051
539.2588	539.2588	8439.8992
539.2699	539.2699	3085.8943
539.2953	539.2953	2962.0216
540.2432	540.2432	2270.1821
540.2794	540.2794	2421.3433
540.2910	540.2910	5019.6925
541.2392	541.2392	2331.308
541.2498	541.2498	2233.3778
541.2742	541.2742	5669.9239
541.2859	541.2859	3614.4371
541.3110	541.3110	8694.341
542.2334	542.2334	3067.0373
542.2436	542.2436	2266.4551
542.2704	542.2704	5145.7622
542.3064	542.3064	6373.5543
543.2651	543.2651	7689.0188
543.2902	543.2902	11357.2809
543.3268	543.3268	5568.0361
544.2490	544.2490	2524.0705
544.2858	544.2858	13151.2273
544.3225	544.3225	2186.2453
545.2597	545.2597	3442.4006
545.2698	545.2698	6642.1877
545.2815	545.2815	2400.6448
545.3060	545.3060	12420.7161
545.3423	545.3423	10144.3823
546.2537	546.2537	6753.4467
546.2648	546.2648	14946.1285
546.3015	546.3015	12522.0983
546.3380	546.3380	3248.4426
547.2490	547.2490	3170.1349
547.2608	547.2608	1871.3982
547.2756	547.2756	2575.5702
547.2855	547.2855	5008.0728
547.3219	547.3219	8673.2002
547.3581	547.3581	19304.3683
548.2447	548.2447	5007.1417
548.2697	548.2697	2910.9097
548.2805	548.2805	11410.5267
548.3170	548.3170	9242.5626
549.2646	549.2646	3383.4867
549.3008	549.3008	5098.2267
550.2598	550.2598	3405.3574
550.2969	550.2969	4929.8557
550.3116	550.3116	2297.614
551.2590	551.2590	2640.675
551.2955	551.2955	3263.5819
552.2907	552.2907	2112.7257
552.3266	552.3266	2311.0465
553.2746	553.2746	5620.4085
553.2864	553.2864	7035.0214
554.2700	554.2700	2361.9431
554.3061	554.3061	2462.5897
555.2543	555.2543	5714.7506
555.2652	555.2652	9516.1923
555.2904	555.2904	8675.9449
555.3016	555.3016	22707.7265
555.3265	555.3265	2795.164
556.2856	556.2856	7358.5466
556.3222	556.3222	5133.5816
557.2694	557.2694	4423.1575
557.2808	557.2808	11467.0856
557.3058	557.3058	7549.0384
557.3172	557.3172	7362.8293
557.3425	557.3425	11029.8832
558.2473	558.2473	2236.3399
558.2654	558.2654	4589.3442
558.3013	558.3013	6182.9413
558.3378	558.3378	7801.5375
559.2856	559.2856	4736.9527
559.2969	559.2969	5753.7019
559.3217	559.3217	18181.059
559.3583	559.3583	3430.7677
560.2440	560.2440	3270.8155
560.2807	560.2807	11571.1566
560.3170	560.3170	11548.362
561.3011	561.3011	7472.0211
561.3139	561.3139	3705.0187
561.3375	561.3375	3522.603
561.3490	561.3490	3115.1293
562.2598	562.2598	7751.2423
562.2753	562.2753	3972.7496
562.2962	562.2962	22124.9421
562.3326	562.3326	5756.0551
563.2620	563.2620	3860.3288
563.2801	563.2801	2021.0417
563.3170	563.3170	2869.564
564.2643	564.2643	32068.1124
564.2758	564.2758	4829.8524
564.2911	564.2911	2839.2246
564.3123	564.3123	7677.3427
565.2598	565.2598	7636.5808
565.2860	565.2860	2499.6253
565.2953	565.2953	2151.1881
565.3084	565.3084	5277.7593
566.2699	566.2699	3360.5476
566.2799	566.2799	2972.0727
566.3060	566.3060	1843.6811
567.2539	567.2539	2709.8782
567.2901	567.2901	4443.0906
567.3268	567.3268	2095.5717
568.2858	568.2858	2703.4899
568.3218	568.3218	1049.0762
569.2695	569.2695	3949.6124
569.2807	569.2807	4540.9063
569.3062	569.3062	14722.1444
570.2648	570.2648	5210.1813
570.2769	570.2769	2143.7829
570.3011	570.3011	5090.1632
571.2483	571.2483	2307.2192
571.2966	571.2966	6528.9106
571.3219	571.3219	5226.8414
572.2805	572.2805	10414.6094
572.2917	572.2917	38655.2865
572.3171	572.3171	11756.0176
573.3011	573.3011	4855.6087
573.3147	573.3147	3015.4752
573.3375	573.3375	7942.7642
574.2962	574.2962	11528.8557
574.3077	574.3077	2061.2997
574.3328	574.3328	13718.7715
574.7462	574.7462	2264.0155
575.2814	575.2814	3572.7721
575.3533	575.3533	8286.638
576.2753	576.2753	5532.724
576.3118	576.3118	6426.9949
576.3483	576.3483	6105.4016
577.2710	577.2710	3344.1893
577.3076	577.3076	4031.2678
577.3324	577.3324	2796.7475
577.3444	577.3444	3485.5362
578.2557	578.2557	1757.0567
578.2738	578.2738	4301.3954
578.2911	578.2911	4773.3012
578.3275	578.3275	2513.0073
579.3017	579.3017	4313.9219
580.2390	580.2390	3339.7703
580.2864	580.2864	2296.2476
580.3065	580.3065	3334.8012
580.7632	580.7632	74775.8871
581.2694	581.2694	4812.1321
581.2810	581.2810	3196.5012
581.3057	581.3057	5478.6789
581.3166	581.3166	3764.3309
582.2653	582.2653	3977.4093
582.3010	582.3010	6882.8618
583.2855	583.2855	4350.8239
583.2964	583.2964	19031.5967
583.3218	583.3218	3350.7842
584.2801	584.2801	3494.071
584.2918	584.2918	4648.8193
584.3170	584.3170	5621.9955
584.3535	584.3535	2361.6842
584.6975	584.6975	16839.5642
585.3005	585.3005	3147.5604
585.3122	585.3122	2251.2115
585.3374	585.3374	4288.9029
586.2961	586.2961	5966.648
586.3070	586.3070	4340.9378
586.3327	586.3327	6237.6794
587.2548	587.2548	3461.524
587.2919	587.2919	4834.1187
587.3277	587.3277	1689.3352
587.3530	587.3530	1734.5561
588.2753	588.2753	2248.0426
588.3117	588.3117	11752.4166
588.3478	588.3478	3970.2718
589.0601	589.0601	2487.7495
589.2706	589.2706	2536.071
589.2958	589.2958	2628.5979
589.3080	589.3080	2548.6308
589.3446	589.3446	2846.3275
590.2913	590.2913	3998.985
590.3062	590.3062	4876.9183
590.3276	590.3276	10400.5827
590.3637	590.3637	2956.3811
590.7146	590.7146	184989.1691
591.2751	591.2751	3671.8829
591.3112	591.3112	2834.7502
591.3232	591.3232	8549.4684
592.3068	592.3068	3560.8561
592.3432	592.3432	2588.0347
592.3798	592.3798	9345.2999
592.7104	592.7104	20282.4117
593.2649	593.2649	2645.061
595.2849	595.2849	2168.8942
595.2961	595.2961	2237.7008
595.3215	595.3215	2528.177
596.2809	596.2809	3413.5105
596.3166	596.3166	3756.6341
597.3009	597.3009	3591.7433
597.3123	597.3123	10140.8105
597.3374	597.3374	2365.0811
598.2960	598.2960	5613.1802
598.3073	598.3073	4839.5713
598.3324	598.3324	3290.7218
599.3279	599.3279	9100.7438
600.2747	600.2747	2536.8853
600.2872	600.2872	2194.675
600.3121	600.3121	6577.35
600.3232	600.3232	5050.9652
600.3483	600.3483	3938.6326
600.3844	600.3844	3050.486
601.2531	601.2531	2480.2467
601.2858	601.2858	2195.9039
601.2959	601.2959	2125.0584
601.3070	601.3070	5847.0337
601.3226	601.3226	2068.9953
601.3432	601.3432	2394.2103
602.2910	602.2910	4833.6085
602.3271	602.3271	5638.1642
602.3639	602.3639	4820.8038
603.2866	603.2866	1970.9904
603.3116	603.3116	1424.7014
603.3233	603.3233	3310.0636
604.3069	604.3069	4635.2765
604.3435	604.3435	5604.5923
604.3795	604.3795	1156.5818
605.3033	605.3033	3148.3408
605.3388	605.3388	4033.9256
606.2865	606.2865	2366.161
606.3223	606.3223	8265.2632
606.6891	606.6891	5821.4856
607.2821	607.2821	2140.0376
607.2966	607.2966	5150.5853
607.3199	607.3199	6980.8569
607.3325	607.3325	2867.9449
607.3558	607.3558	2293.8291
608.3015	608.3015	2916.2313
608.3170	608.3170	3191.965
609.2859	609.2859	14582.5002
609.3008	609.3008	3155.0258
609.3124	609.3124	7123.1251
610.2967	610.2967	2960.9265
610.3073	610.3073	2560.3499
610.3335	610.3335	3591.5553
611.2921	611.2921	3691.6184
611.3173	611.3173	2055.0781
611.3275	611.3275	4522.5102
612.2865	612.2865	2987.6609
612.3120	612.3120	6163.1173
612.3233	612.3233	7696.771
612.3485	612.3485	3532.2601
612.7060	612.7060	10881.3047
613.2711	613.2711	2974.3827
613.3072	613.3072	5028.8011
613.3434	613.3434	3371.2025
614.3022	614.3022	3602.0239
614.3275	614.3275	5992.4918
614.3388	614.3388	6548.4965
614.3638	614.3638	8553.9947
615.2865	615.2865	3328.2037
615.3232	615.3232	2776.6889
615.3603	615.3603	3858.4245
616.2889	616.2889	3639.9734
616.3186	616.3186	2025.1256
616.3427	616.3427	5480.5783
616.3799	616.3799	4815.1229
617.3017	617.3017	3485.6832
617.3388	617.3388	3160.8346
618.3588	618.3588	3906.8955
619.3180	619.3180	3944.7117
619.3542	619.3542	2670.3051
620.3193	620.3193	2062.928
620.3374	620.3374	3356.9392
621.3334	621.3334	3110.5551
621.3697	621.3697	3691.6171
622.2604	622.2604	1332.1411
622.2970	622.2970	3966.4922
623.2936	623.2936	5389.5036
624.3124	624.3124	3833.7102
624.3232	624.3232	7445.3639
625.3072	625.3072	1881.0065
625.3320	625.3320	2276.9955
625.3437	625.3437	2050.7163
626.3022	626.3022	11138.8119
626.3274	626.3274	4375.1532
626.3639	626.3639	4547.0862
627.3110	627.3110	1996.4163
627.3235	627.3235	3855.4352
628.2710	628.2710	3793.3202
628.3069	628.3069	3084.6965
628.3181	628.3181	13784.4459
628.3433	628.3433	4266.5557
628.3796	628.3796	3042.5139
629.3024	629.3024	3121.4036
629.3130	629.3130	2538.0157
629.3385	629.3385	6492.3558
629.3755	629.3755	2127.9563
630.3335	630.3335	2250.7686
630.3586	630.3586	5491.8046
630.3956	630.3956	2940.2894
631.3177	631.3177	8329.7884
631.3290	631.3290	3513.2067
631.3542	631.3542	4793.6582
632.3743	632.3743	2668.5425
633.3338	633.3338	7715.9428
633.3703	633.3703	2066.2384
634.3325	634.3325	5070.3149
635.3499	635.3499	2004.4112
636.3120	636.3120	5200.3846
636.3465	636.3465	1771.5411
637.3074	637.3074	2612.9733
637.3425	637.3425	1517.8498
638.3023	638.3023	4060.0451
638.3277	638.3277	5623.277
639.3125	639.3125	10115.5818
639.3229	639.3229	4455.8913
640.2807	640.2807	2073.1846
640.3178	640.3178	17421.4839
640.3429	640.3429	7382.7767
640.3790	640.3790	2033.4056
641.3017	641.3017	3284.5157
641.3273	641.3273	2220.3943
641.3380	641.3380	2505.0101
642.3222	642.3222	2421.7171
642.3334	642.3334	9637.2062
642.3590	642.3590	3039.3004
643.3297	643.3297	2722.9938
643.3537	643.3537	4531.6563
643.3912	643.3912	2211.6274
644.3139	644.3139	3119.5357
644.3380	644.3380	4299.9276
644.3739	644.3739	3500.0761
644.4111	644.4111	2481.3679
645.3333	645.3333	6464.8604
645.3705	645.3705	3019.1041
646.3288	646.3288	6830.0302
646.3539	646.3539	2997.6495
646.3904	646.3904	4057.3708
647.3127	647.3127	2561.2537
647.3488	647.3488	4470.2117
647.3859	647.3859	2068.9201
648.2971	648.2971	2234.5351
648.3453	648.3453	1929.3275
648.3695	648.3695	1630.5348
649.3283	649.3283	4264.9734
649.3647	649.3647	4465.5355
652.3428	652.3428	5652.9754
653.3022	653.3022	3267.3438
653.3118	653.3118	2575.2837
653.3749	653.3749	2796.6505
654.2868	654.2868	2710.5779
654.3233	654.3233	1930.7049
654.3332	654.3332	4439.9599
654.3955	654.3955	3021.8127
655.3289	655.3289	6487.3539
655.3541	655.3541	3376.5124
655.3906	655.3906	2400.5207
656.3380	656.3380	2238.1273
656.3487	656.3487	3647.0764
656.3752	656.3752	2372.8521
657.3337	657.3337	2283.43
657.3449	657.3449	6272.1224
657.3695	657.3695	3700.7859
659.3126	659.3126	2014.9703
659.3494	659.3494	3164.1999
659.3858	659.3858	2214.334
659.4220	659.4220	3550.7622
661.3299	661.3299	2411.0121
661.3652	661.3652	3326.758
661.4021	661.4021	1983.0456
662.3597	662.3597	2068.4628
663.3436	663.3436	2943.4809
663.3806	663.3806	2529.5336
665.3399	665.3399	2991.2087
666.3339	666.3339	1818.5528
666.3583	666.3583	2595.4755
668.3387	668.3387	2957.2904
668.3499	668.3499	5012.9723
668.3862	668.3862	2877.085
669.3443	669.3443	2899.1621
669.4063	669.4063	1319.0157
670.3535	670.3535	2432.1354
670.3648	670.3648	3177.0833
670.3901	670.3901	2309.3021
671.3489	671.3489	2701.4519
671.3606	671.3606	2093.1621
671.3852	671.3852	1525.8567
671.4218	671.4218	4990.9645
672.3696	672.3696	2634.369
673.3400	673.3400	2800.505
673.3645	673.3645	3838.7107
673.4018	673.4018	2005.2689
674.3242	674.3242	2332.8299
674.3848	674.3848	4017.1643
675.3072	675.3072	2338.3458
675.3439	675.3439	3096.1957
675.3799	675.3799	2642.3577
676.3394	676.3394	2404.8227
676.3764	676.3764	1491.0803
677.3593	677.3593	3682.0287
677.3960	677.3960	1785.5722
678.3563	678.3563	6659.6828
679.3556	679.3556	2028.8548
681.3332	681.3332	3902.6256
681.3693	681.3693	3277.7011
682.3285	682.3285	4187.4652
682.3650	682.3650	3711.4408
683.3239	683.3239	6619.7313
683.3488	683.3488	3442.0016
683.3601	683.3601	2043.9765
683.3852	683.3852	1992.1932
684.3442	684.3442	6977.449
685.3398	685.3398	5970.6557
685.3645	685.3645	5654.6781
685.3758	685.3758	13007.3215
685.4011	685.4011	2034.2932
686.3609	686.3609	3076.6037
687.4167	687.4167	3440.4691
688.3391	688.3391	2338.4195
688.3759	688.3759	2226.3182
689.3598	689.3598	2557.7249
689.3744	689.3744	3138.0908
689.3964	689.3964	1467.9568
689.4324	689.4324	1592.6397
690.3558	690.3558	2613.64
691.3887	691.3887	2029.1831
692.3229	692.3229	18554.501
693.3189	693.3189	2913.6137
693.3326	693.3326	1470.3211
693.3700	693.3700	1662.413
694.3283	694.3283	2882.5317
694.3391	694.3391	3969.3664
695.3491	695.3491	5432.8138
695.3852	695.3852	1871.3176
696.3339	696.3339	3213.5307
696.3802	696.3802	7386.0075
697.3392	697.3392	2403.468
697.3644	697.3644	2134.4874
697.4005	697.4005	1299.1678
698.3236	698.3236	3012.4739
698.3595	698.3595	2071.8629
699.3550	699.3550	11743.738
699.3800	699.3800	4801.5168
699.4172	699.4172	3554.2069
700.3503	700.3503	4135.249
700.3751	700.3751	3207.3292
701.3601	701.3601	2379.1563
701.3733	701.3733	2204.7208
701.3959	701.3959	1621.1522
702.3932	702.3932	2176.2525
704.3713	704.3713	3569.2434
705.3541	705.3541	2072.8968
705.3909	705.3909	1688.0689
707.3495	707.3495	3159.2829
709.3650	709.3650	3511.9736
711.3437	711.3437	2287.0999
711.3551	711.3551	5861.373
711.3801	711.3801	3895.4504
712.3384	712.3384	2159.335
712.4116	712.4116	1575.7788
713.3596	713.3596	5437.8828
713.3719	713.3719	4349.4587
714.3550	714.3550	2149.3252
715.3881	715.3881	1506.6464
715.4119	715.4119	1744.8028
716.3710	716.3710	3397.5479
716.4071	716.4071	1978.3574
718.3496	718.3496	1839.342
718.3866	718.3866	3263.8111
719.3333	719.3333	3289.0304
719.4190	719.4190	2423.7092
720.3178	720.3178	2443.0791
720.3905	720.3905	2398.3809
721.3652	721.3652	2811.9967
724.3617	724.3617	2890.2273
724.4122	724.4122	4712.5038
725.3604	725.3604	2586.4005
725.3706	725.3706	2932.8165
726.3920	726.3920	5486.3268
726.6289	726.6289	3300.631
727.3751	727.3751	4998.7499
728.3450	728.3450	2800.0863
728.3707	728.3707	2386.5103
729.3905	729.3905	2727.7927
731.4201	731.4201	2494.6358
732.3660	732.3660	3449.7648
732.6458	732.6458	50481.1993
733.3006	733.3006	3367.7602
734.3808	734.3808	2223.9742
735.3812	735.3812	2390.4732
736.3767	736.3767	4015.745
737.3442	737.3442	28580.1313
739.3866	739.3866	4809.1109
739.4118	739.4118	2270.9292
740.3707	740.3707	2541.318
740.4077	740.4077	2615.799
740.7055	740.7055	3348.3398
741.3554	741.3554	8347.5087
742.3603	742.3603	2369.2073
742.3856	742.3856	2458.7424
742.3969	742.3969	1162.2316
743.3442	743.3442	1188.9573
743.3837	743.3837	1501.1399
743.4442	743.4442	1567.2767
744.4018	744.4018	2476.2254
744.4385	744.4385	2543.3079
745.4008	745.4008	2882.786
746.4182	746.4182	2546.6234
749.3944	749.3944	2114.6027
750.3561	750.3561	3027.7613
750.3922	750.3922	2873.4196
751.4107	751.4107	2047.051
752.3720	752.3720	3062.5983
752.4067	752.4067	1531.4568
753.3653	753.3653	2030.3241
754.4225	754.4225	1992.8665
755.3817	755.3817	2298.5949
756.4020	756.4020	1873.6926
757.3980	757.3980	2431.38
759.4130	759.4130	2548.635
760.3615	760.3615	1335.708
760.4137	760.4137	1529.3233
760.4334	760.4334	1341.2363
766.3870	766.3870	2530.8478
767.3708	767.3708	8408.0358
767.3828	767.3828	2414.1979
768.3762	768.3762	5773.0897
768.4379	768.4379	2003.1141
770.3926	770.3926	3602.7487
771.3398	771.3398	2722.6836
772.4091	772.4091	1727.386
774.3758	774.3758	2065.3621
778.4237	778.4237	2209.1056
780.4022	780.4022	3706.0728
782.3921	782.3921	2741.263
782.4179	782.4179	2961.2527
784.3963	784.3963	2019.0122
784.4335	784.4335	2162.9215
785.3927	785.3927	1939.8502
786.4121	786.4121	2942.7493
787.4083	787.4083	2928.0222
788.4051	788.4051	2561.8869
792.4002	792.4002	2808.043
795.3664	795.3664	2611.8947
796.3979	796.3979	2506.8552
796.4329	796.4329	3318.632
797.4302	797.4302	2794.3442
799.4186	799.4186	3662.9405
800.5009	800.5009	2237.7732
801.4240	801.4240	2127.0499
807.4132	807.4132	3348.1532
814.4438	814.4438	2498.7236
815.4026	815.4026	2003.542
817.4187	817.4187	4127.4692
818.4154	818.4154	2075.2394
822.4335	822.4335	2110.4211
822.4494	822.4494	1701.4466
825.4231	825.4231	2497.003
827.4132	827.4132	2197.9225
827.4389	827.4389	2228.1372
836.4266	836.4266	2454.7747
839.3563	839.3563	2234.9589
839.4396	839.4396	1699.696
839.4758	839.4758	1331.0135
843.4345	843.4345	2040.6607
848.4121	848.4121	3838.453
848.4605	848.4605	3323.715
856.4681	856.4681	2083.0302
865.4396	865.4396	3775.3483
865.4539	865.4539	2329.0727
868.5600	868.5600	2169.3777
874.5771	874.5771	18709.0638
875.4406	875.4406	2719.7187
879.4546	879.4546	3513.1974
884.4600	884.4600	1984.6837
904.4493	904.4493	3034.965
905.4974	905.4974	4441.923
915.5270	915.5270	2222.3777
922.4610	922.4610	3900.8134
923.4643	923.4643	3197.6513
925.4900	925.4900	2558.5375
927.4766	927.4766	2522.2444
932.4826	932.4826	3230.4582
940.4869	940.4869	2033.7647
953.5191	953.5191	2209.9606
962.4929	962.4929	3123.1069
974.4658	974.4658	2093.6563
976.5074	976.5074	13129.3231
977.5110	977.5110	6293.0766
1016.5088	1016.5088	4486.836
1021.5292	1021.5292	3755.1295
1022.5298	1022.5298	1709.1377
1041.5334	1041.5334	2093.2115
1049.5742	1049.5742	2514.3431
1068.5550	1068.5550	2506.1162
1068.6180	1068.6180	3209.9803
1089.5916	1089.5916	6186.2504
1090.5951	1090.5951	2004.9068
1096.6124	1096.6124	1653.2672
1134.6137	1134.6137	2209.1365
1135.5974	1135.5974	10174.9013
1136.6005	1136.6005	2570.4699
1139.5923	1139.5923	2228.9062
1157.5800	1157.5800	2445.8781
1190.5983	1190.5983	1210.7297
1236.6599	1236.6599	5239.7934
1281.6802	1281.6802	2001.1247
1282.6641	1282.6641	4113.181
1283.6679	1283.6679	1555.345
1399.7240	1399.7240	4607.6431
1400.7269	1400.7269	4912.2659
1445.7279	1445.7279	3622.9571
