151.0496	151.0496	16966.7593
151.0541	151.0541	24611.6314
151.0865	151.0865	20915.6556
152.0493	152.0493	108122.3898
152.0619	152.0619	1034283.667
152.0817	152.0817	18094.3881
153.0571	153.0571	132257.306
153.0653	153.0653	97736.7648
153.0697	153.0697	221701.8758
153.1021	153.1021	18628.2814
154.0350	154.0350	13788.739
154.0649	154.0649	1370978.8
154.0730	154.0730	11401.4304
155.0602	155.0602	355295.1996
155.0683	155.0683	130798.3708
155.0727	155.0727	108991.3993
156.0635	156.0635	15404.2012
156.0680	156.0680	202876.7008
156.0806	156.0806	369377.4449
156.9983	156.9983	17492.0027
157.0347	157.0347	25269.6824
157.0633	157.0633	13942.8002
157.0759	157.0759	230262.126
157.0840	157.0840	23203.5957
157.0885	157.0885	38355.5236
158.0187	158.0187	30759.6649
158.0599	158.0599	12934.0812
158.0711	158.0711	43266.3502
158.0837	158.0837	65259.7048
158.0963	158.0963	70818.1665
159.0139	159.0139	55587.9058
159.0503	159.0503	42353.683
159.0915	159.0915	251238.9045
160.0480	160.0480	16538.2181
160.0755	160.0755	29892.8434
160.0868	160.0868	54533.9656
160.0948	160.0948	14128.7865
161.0384	161.0384	48058.7946
161.0707	161.0707	11031.4898
161.0820	161.0820	13970.9422
161.1072	161.1072	15388.3755
162.0660	162.0660	10146.8071
162.1024	162.1024	25419.9491
163.0147	163.0147	28136.0651
163.0540	163.0540	640085.7837
163.0840	163.0840	13018.1108
164.0492	164.0492	253323.8538
164.0573	164.0573	65873.3809
164.0618	164.0618	44118.338
164.0817	164.0817	49610.2194
164.1181	164.1181	22967.9817
164.9203	164.9203	267219.4332
164.9298	164.9298	51304.7143
165.0526	165.0526	13718.0159
165.0571	165.0571	189559.9877
165.0633	165.0633	10493.9275
165.0697	165.0697	837805.6859
165.0769	165.0769	42891.8622
165.1021	165.1021	18084.9908
166.0524	166.0524	57713.4623
166.0649	166.0649	899564.9328
166.0730	166.0730	82867.0076
166.0775	166.0775	13611.654
167.0602	167.0602	127910.7612
167.0683	167.0683	82681.5525
167.0727	167.0727	1403673.75
167.0813	167.0813	10316.2468
167.0853	167.0853	13731.3386
167.0925	167.0925	30086.5262
168.0568	168.0568	132192.5548
168.0680	168.0680	218991.6631
168.0761	168.0761	131795.7021
168.0806	168.0806	559640.5404
168.9693	168.9693	11631.1528
169.0646	169.0646	373821.471
169.0758	169.0758	391019.5171
169.0839	169.0839	45060.5946
169.0884	169.0884	36974.2522
170.0598	170.0598	311075.0344
170.0679	170.0679	32462.8938
170.0710	170.0710	41009.1196
170.0791	170.0791	28478.3011
170.0836	170.0836	29287.441
170.0962	170.0962	117739.7616
171.0138	171.0138	23439.2614
171.0503	171.0503	18629.0708
171.0631	171.0631	10055.7881
171.0914	171.0914	96988.1504
172.0706	172.0706	13248.0899
172.0755	172.0755	20178.6399
172.0867	172.0867	16271.2254
173.0296	173.0296	186098.9831
173.0660	173.0660	28172.2229
173.1072	173.1072	11543.0092
174.0136	174.0136	74450.1982
174.0462	174.0462	76367.395
174.1024	174.1024	24513.0235
175.0415	175.0415	24418.0165
175.0816	175.0816	48161.0754
175.9791	175.9791	12859.9229
176.0493	176.0493	26167.0765
176.0619	176.0619	426188.988
176.0817	176.0817	20839.3123
176.1180	176.1180	82073.5445
177.0571	177.0571	211248.6092
177.0633	177.0633	24719.066
177.0652	177.0652	47454.4045
177.0697	177.0697	109454.7652
177.0745	177.0745	13579.6374
177.0769	177.0769	10440.203
177.0996	177.0996	12761.7557
178.0585	178.0585	33378.4478
178.0608	178.0608	29589.885
178.0649	178.0649	801259.8054
178.0775	178.0775	266077.8706
178.1337	178.1337	30764.0133
179.0602	179.0602	307826.7372
179.0683	179.0683	79792.1056
179.0728	179.0728	145329.5496
179.0789	179.0789	11053.9209
179.0809	179.0809	21060.1453
179.0853	179.0853	35268.2066
180.0635	180.0635	18971.7177
180.0680	180.0680	46338.987
180.0742	180.0742	13566.0316
180.0806	180.0806	885801.8159
181.0758	181.0758	318608.0435
181.0839	181.0839	97098.9866
181.0884	181.0884	169117.5062
182.0599	182.0599	20443.0365
182.0793	182.0793	17169.0777
182.0837	182.0837	144100.8333
182.0963	182.0963	138719.6209
183.0677	183.0677	31169.379
183.0915	183.0915	153395.416
183.1491	183.1491	13935.3762
184.0456	184.0456	24270.4856
184.0756	184.0756	51158.8726
184.0868	184.0868	30218.2493
184.1119	184.1119	36139.3193
184.2058	184.2058	13012.2389
185.0296	185.0296	19548.991
185.0470	185.0470	20594.8706
185.0708	185.0708	51131.9269
185.0821	185.0821	11263.3042
185.1072	185.1072	27691.8348
186.0500	186.0500	11086.3476
186.0636	186.0636	21390.9719
186.1024	186.1024	10943.1279
186.2215	186.2215	174086.2571
186.9118	186.9118	25035.2182
187.0452	187.0452	52464.5648
187.0541	187.0541	277602.1213
187.0589	187.0589	41130.7206
187.0816	187.0816	17181.0342
187.2248	187.2248	10127.6204
188.0429	188.0429	10061.7674
188.0493	188.0493	153096.1657
188.0574	188.0574	26352.016
188.0792	188.0792	4549.4555
189.0571	189.0571	156600.8609
189.0697	189.0697	701356.8322
189.0745	189.0745	96656.4091
189.9948	189.9948	23222.8806
190.0524	190.0524	19276.0174
190.0605	190.0605	10241.3261
190.0649	190.0649	694464.2728
190.0730	190.0730	84042.8968
190.0775	190.0775	42717.833
190.0925	190.0925	17558.9327
191.0401	191.0401	20284.4689
191.0602	191.0602	92500.1912
191.0683	191.0683	82466.1506
191.0727	191.0727	1315934.445
191.0789	191.0789	36878.1227
191.0853	191.0853	46861.5013
192.0568	192.0568	34664.4221
192.0680	192.0680	373782.1727
192.0742	192.0742	61978.7583
192.0761	192.0761	164751.3634
192.0805	192.0805	528722.7058
192.9945	192.9945	13166.8874
193.0521	193.0521	21348.7802
193.0647	193.0647	62217.9622
193.0716	193.0716	47345.9534
193.0759	193.0759	318097.3271
193.0840	193.0840	58493.948
193.0885	193.0885	211076.6788
193.9898	193.9898	54624.5336
194.0599	194.0599	128442.7319
194.0711	194.0711	38936.8063
194.0793	194.0793	19770.3103
194.0837	194.0837	79079.2346
194.0899	194.0899	58065.2929
194.0920	194.0920	23508.8265
194.0963	194.0963	251203.4602
195.0874	195.0874	30600.3679
195.0915	195.0915	248731.2498
195.0996	195.0996	14242.7699
195.1041	195.1041	14713.5629
195.9956	195.9956	31478.415
196.0456	196.0456	32062.8288
196.0756	196.0756	28915.6332
196.0868	196.0868	34484.4082
196.0949	196.0949	12159.5455
196.0994	196.0994	29473.7561
196.1119	196.1119	23478.3118
197.0708	197.0708	14286.5261
197.1072	197.1072	56958.0626
198.0463	198.0463	26666.5007
199.0089	199.0089	17522.0569
199.0452	199.0452	70615.6921
199.0565	199.0565	18126.2504
200.0405	200.0405	27784.1096
200.0429	200.0429	18532.1604
200.0619	200.0619	271314.6668
201.0571	201.0571	172205.8118
201.0609	201.0609	44276.4427
201.0653	201.0653	24761.9068
201.0697	201.0697	10332.1026
201.0745	201.0745	31164.2018
201.9948	201.9948	37835.103
202.0606	202.0606	10017.4171
202.0649	202.0649	400223.49
202.0775	202.0775	392463.5152
203.0602	203.0602	179931.6086
203.0683	203.0683	38611.7833
203.0728	203.0728	302029.6361
203.0809	203.0809	49784.1502
203.0853	203.0853	42353.3738
203.0902	203.0902	20811.5785
203.1153	203.1153	16012.4829
204.0556	204.0556	16289.6583
204.0682	204.0682	36074.0657
204.0743	204.0743	16662.7803
204.0763	204.0763	32874.7409
204.0807	204.0807	1319974.777
205.0583	205.0583	37890.7737
205.0648	205.0648	20025.5849
205.0760	205.0760	538169.2519
205.0841	205.0841	165964.9453
205.0885	205.0885	209958.8265
205.0947	205.0947	51181.5661
206.0713	206.0713	33136.5123
206.0793	206.0793	62003.9712
206.0838	206.0838	266430.9782
206.0899	206.0899	20369.3659
206.0920	206.0920	21471.0265
206.0964	206.0964	246673.3915
207.0678	207.0678	19301.8436
207.0791	207.0791	35043.4215
207.0873	207.0873	21881.8243
207.0916	207.0916	240825.7905
207.0997	207.0997	19556.9098
207.1042	207.1042	34732.6383
207.1103	207.1103	30222.6505
208.0055	208.0055	12622.693
208.0692	208.0692	12379.6641
208.0869	208.0869	30694.5353
208.0950	208.0950	15978.7669
208.0995	208.0995	47623.4831
208.1056	208.1056	28998.8091
208.1120	208.1120	48407.7307
208.1444	208.1444	10392.1633
209.0661	209.0661	11374.0279
209.1032	209.1032	17890.3429
209.1073	209.1073	107049.1456
209.9960	209.9960	51838.2776
210.1026	210.1026	18781.3876
211.0542	211.0542	52740.7217
211.1229	211.1229	12432.9911
212.0168	212.0168	25234.3449
212.0494	212.0494	64826.8334
212.2372	212.2372	19827.1719
213.0222	213.0222	58378.1747
213.0246	213.0246	61053.182
213.0572	213.0572	56327.533
213.0610	213.0610	25588.1579
213.0698	213.0698	218964.5836
214.0062	214.0062	19563.7466
214.0563	214.0563	13440.3326
214.0587	214.0587	19055.2047
214.0650	214.0650	377335.9932
214.0732	214.0732	22290.673
215.0539	215.0539	19241.9253
215.0603	215.0603	63979.0923
215.0684	215.0684	42101.0914
215.0729	215.0729	637113.2956
215.0856	215.0856	146029.9033
216.0107	216.0107	10375.5147
216.0683	216.0683	350050.7716
216.0720	216.0720	33566.4393
216.0764	216.0764	92812.9061
216.0808	216.0808	605482.6124
216.1108	216.1108	6443.6599
217.0560	217.0560	18238.2402
217.0697	217.0697	28299.5404
217.0717	217.0717	38087.6219
217.0761	217.0761	267737.7939
217.0842	217.0842	79868.21
217.0887	217.0887	549525.6837
217.9899	217.9899	98900.9462
218.0601	218.0601	14249.7559
218.0713	218.0713	15389.9713
218.0795	218.0795	21972.0218
218.0839	218.0839	270598.7011
218.0901	218.0901	21310.4009
218.0920	218.0920	78519.832
218.0965	218.0965	333391.6908
219.0805	219.0805	28683.5159
219.0873	219.0873	26005.5434
219.0917	219.0917	429583.0813
219.0998	219.0998	42485.156
219.1043	219.1043	29617.9303
219.1104	219.1104	31617.9401
220.0056	220.0056	73570.342
220.0693	220.0693	15432.8049
220.0758	220.0758	81697.5749
220.0870	220.0870	72790.6192
220.0951	220.0951	48376.3728
220.0996	220.0996	98503.411
220.1057	220.1057	38282.0741
220.1121	220.1121	61627.3155
221.1074	221.1074	149639.4323
221.1261	221.1261	7228.4575
222.0850	222.0850	27116.9105
222.1026	222.1026	23724.6967
222.1152	222.1152	11301.1416
222.1213	222.1213	55148.0005
223.1230	223.1230	51566.6934
224.0621	224.0621	101128.3654
225.0573	225.0573	63223.8904
225.1710	225.1710	23290.0632
225.9950	225.9950	36438.4048
226.0652	226.0652	180924.0611
226.0777	226.0777	229440.3481
227.0403	227.0403	111559.0254
227.0604	227.0604	64235.152
227.0685	227.0685	11828.6114
227.0730	227.0730	285723.2733
227.0767	227.0767	18681.0463
227.0811	227.0811	30058.0735
227.0856	227.0856	29850.9423
228.0107	228.0107	16424.1765
228.0683	228.0683	45150.6151
228.0720	228.0720	11341.0672
228.0764	228.0764	37416.3192
228.0808	228.0808	967816.2353
228.0934	228.0934	14044.0346
229.0060	229.0060	20576.3711
229.0761	229.0761	621808.0585
229.0842	229.0842	149503.4154
229.0887	229.0887	167168.3876
229.0924	229.0924	34207.0472
229.1061	229.1061	11729.3719
230.0513	230.0513	39037.5538
230.0714	230.0714	58463.5435
230.0795	230.0795	84873.6409
230.0839	230.0839	268445.8256
230.0877	230.0877	17028.6387
230.0921	230.0921	12512.6741
230.0965	230.0965	373729.3351
231.0792	231.0792	42189.2077
231.0853	231.0853	36487.3096
231.0872	231.0872	30637.7127
231.0917	231.0917	419091.9235
231.0998	231.0998	49881.2234
231.1043	231.1043	87622.7602
231.1218	231.1218	18731.74
231.1241	231.1241	88846.9261
232.0056	232.0056	17087.4512
232.0870	232.0870	47869.6358
232.0951	232.0951	50312.1836
232.0996	232.0996	183166.7776
232.1033	232.1033	39436.3598
232.1057	232.1057	11291.2925
232.1121	232.1121	76620.3075
233.0009	233.0009	12116.0455
233.0948	233.0948	21548.0828
233.1030	233.1030	16979.1926
233.1074	233.1074	244495.0888
233.1261	233.1261	92336.6918
234.0850	234.0850	63224.9683
234.0962	234.0962	28503.0931
234.1026	234.1026	52785.87
234.1107	234.1107	19657.5606
234.1152	234.1152	24690.7336
234.1214	234.1214	28983.2974
235.0628	235.0628	15836.1521
235.1057	235.1057	2160.6809
235.1230	235.1230	61405.244
235.1418	235.1418	4263.5779
236.1006	236.1006	41078.6094
236.1370	236.1370	29419.7336
237.0517	237.0517	10182.8258
237.0700	237.0700	86818.6888
238.0652	238.0652	157244.9882
238.1522	238.1522	661.0445
239.0516	239.0516	16960.157
239.0604	239.0604	29583.1083
239.0685	239.0685	16571.1832
239.0730	239.0730	252777.48
239.0856	239.0856	143351.5401
240.0107	240.0107	35868.1564
240.0682	240.0682	200831.9489
240.0763	240.0763	33062.1644
240.0808	240.0808	407418.1027
240.0889	240.0889	13990.2157
240.2686	240.2686	10571.0988
241.0059	241.0059	36547.7338
241.0716	241.0716	20163.1966
241.0760	241.0760	229177.3329
241.0842	241.0842	67147.8605
241.0886	241.0886	666927.1667
241.0923	241.0923	16832.4422
241.1060	241.1060	20202.5631
241.9899	241.9899	17252.6034
242.0011	242.0011	131969.2046
242.0512	242.0512	10778.6128
242.0713	242.0713	10288.5515
242.0794	242.0794	22533.794
242.0839	242.0839	482144.9448
242.0876	242.0876	16237.4635
242.0920	242.0920	117731.159
242.0964	242.0964	327088.0717
243.0489	243.0489	11116.4772
243.0792	243.0792	34129.4361
243.0854	243.0854	73491.1223
243.0873	243.0873	64214.1474
243.0917	243.0917	530025.4815
243.0999	243.0999	46063.0528
243.1043	243.1043	83722.9282
243.1217	243.1217	15593.2919
244.0056	244.0056	63551.7056
244.0669	244.0669	50435.5819
244.0758	244.0758	50284.2973
244.0806	244.0806	20433.7064
244.0870	244.0870	102385.0881
244.0951	244.0951	81024.0513
244.0996	244.0996	152267.1719
244.1033	244.1033	17405.5969
244.1058	244.1058	5119.6226
244.1121	244.1121	113014.5168
245.0948	245.0948	24918.456
245.1010	245.1010	35008.5745
245.1030	245.1030	11395.6542
245.1074	245.1074	287509.8119
245.1373	245.1373	39852.8237
246.0850	246.0850	10517.8228
246.0962	246.0962	30252.3324
246.1026	246.1026	61589.7511
246.1107	246.1107	34326.1059
246.1152	246.1152	49236.0543
247.1230	247.1230	91851.659
247.1418	247.1418	13853.8657
248.0620	248.0620	52703.4648
248.1006	248.1006	156371.1836
248.1183	248.1183	16747.827
248.1370	248.1370	33622.464
249.0574	249.0574	22590.0274
249.0846	249.0846	28801.4808
249.0958	249.0958	40473.7332
249.1216	249.1216	1730.3244
249.9950	249.9950	13803.1247
250.0652	250.0652	47090.2538
250.0778	250.0778	83522.1806
250.1163	250.1163	42476.5266
250.1526	250.1526	63615.7841
251.0604	251.0604	16788.678
251.0730	251.0730	165874.3639
251.1115	251.1115	53492.1452
252.0107	252.0107	16871.672
252.0682	252.0682	25488.5731
252.0764	252.0764	14331.9913
252.0808	252.0808	446460.4857
252.0934	252.0934	55962.6487
252.1319	252.1319	6328.0388
252.1683	252.1683	3607.5893
253.0059	253.0059	20299.2624
253.0760	253.0760	425055.7322
253.0842	253.0842	74126.8656
253.0886	253.0886	165845.5143
253.0948	253.0948	21736.7222
253.1060	253.1060	47277.992
253.1659	253.1659	53726.8768
254.0713	254.0713	48218.465
254.0794	254.0794	60390.1189
254.0839	254.0839	192853.3523
254.0921	254.0921	16867.3102
254.0964	254.0964	462532.6441
255.0215	255.0215	13284.9896
255.0717	255.0717	24216.3256
255.0791	255.0791	30566.9541
255.0873	255.0873	14267.1307
255.0917	255.0917	563661.0378
255.0998	255.0998	78959.4632
255.1043	255.1043	119620.5784
256.0056	256.0056	10403.3609
256.0668	256.0668	12036.2611
256.0869	256.0869	85436.7931
256.0951	256.0951	84850.5547
256.0995	256.0995	290584.8343
256.1056	256.1056	22000.4892
256.1121	256.1121	102154.6011
257.0948	257.0948	54677.9968
257.1009	257.1009	105908.5779
257.1073	257.1073	308575.1054
258.0213	258.0213	13221.3406
258.1026	258.1026	88061.5641
258.1108	258.1108	43104.5571
258.1152	258.1152	56714.5448
258.1278	258.1278	11597.3642
259.0165	259.0165	14821.0776
259.0629	259.0629	19202.8852
259.1029	259.1029	12450.2414
259.1167	259.1167	10354.9088
259.1230	259.1230	110827.0459
259.1418	259.1418	25342.837
260.0117	260.0117	63289.6633
260.1006	260.1006	13479.7335
260.1119	260.1119	56871.8125
260.1183	260.1183	21249.515
260.1370	260.1370	21904.1719
260.1482	260.1482	42068.9194
261.0699	261.0699	22359.344
261.0959	261.0959	13331.4816
261.1387	261.1387	10109.9006
261.1575	261.1575	17830.4286
262.0652	262.0652	42320.4436
262.0799	262.0799	11385.6508
262.1163	262.1163	59515.4746
262.1526	262.1526	20779.9365
263.0730	263.0730	71931.8817
263.0856	263.0856	65417.8554
263.1002	263.1002	1532.7607
263.1115	263.1115	20996.906
264.0107	264.0107	10731.4865
264.0682	264.0682	68283.0045
264.0808	264.0808	195466.1915
264.1319	264.1319	25032.0625
264.1683	264.1683	33696.9395
265.0059	265.0059	26994.1918
265.0761	265.0761	132831.4956
265.0842	265.0842	20855.4658
265.0886	265.0886	371609.4794
265.1272	265.1272	12616.1721
266.0839	266.0839	434302.3667
266.0920	266.0920	62324.0655
266.0964	266.0964	221857.158
267.0216	267.0216	32373.7466
267.0791	267.0791	54575.2621
267.0873	267.0873	77171.9863
267.0917	267.0917	418364.5331
267.0999	267.0999	34952.7099
267.1043	267.1043	132530.1922
268.0056	268.0056	25583.4911
268.0870	268.0870	95974.4694
268.0951	268.0951	64397.0764
268.0995	268.0995	236333.6498
268.1077	268.1077	10002.8515
268.1121	268.1121	118290.1424
269.0009	269.0009	13497.5402
269.0873	269.0873	59499.1804
269.0948	269.0948	28644.6879
269.1073	269.1073	368766.4521
270.0825	270.0825	22461.0966
270.1026	270.1026	83374.0302
270.1107	270.1107	52765.3359
270.1152	270.1152	100826.2736
270.1277	270.1277	17620.0213
271.1104	271.1104	15846.9943
271.1166	271.1166	48169.7921
271.1230	271.1230	120089.0371
272.0982	272.0982	17987.5367
272.1182	272.1182	24494.8894
272.1264	272.1264	11450.9762
273.0958	273.0958	23761.6461
273.1322	273.1322	21404.072
273.1386	273.1386	22665.9929
274.0777	274.0777	23375.7036
274.1274	274.1274	24892.4531
274.1526	274.1526	16354.3557
275.0730	275.0730	56636.552
275.1115	275.1115	23469.0643
276.0809	276.0809	124791.1797
276.0934	276.0934	32236.295
276.1320	276.1320	123486.1845
276.1683	276.1683	26700.5495
277.0059	277.0059	23133.3506
277.0761	277.0761	178725.8235
277.0842	277.0842	13880.8722
277.0887	277.0887	100142.5215
277.1272	277.1272	23260.5538
278.0714	278.0714	18204.9555
278.0795	278.0795	18954.8824
278.0839	278.0839	106267.6476
278.0965	278.0965	321981.8828
278.1476	278.1476	50166.4392
278.1841	278.1841	6041.9169
279.0216	279.0216	34978.9972
279.0829	279.0829	44331.1393
279.0917	279.0917	480932.4696
279.0999	279.0999	49020.0805
279.1043	279.1043	70707.7696
279.1429	279.1429	27829.4907
280.0870	280.0870	90952.8468
280.0951	280.0951	86154.8484
280.0995	280.0995	279474.1542
280.1121	280.1121	88925.4931
280.1269	280.1269	1732.9209
281.0373	281.0373	16245.1792
281.0901	281.0901	13151.4096
281.0948	281.0948	71759.1405
281.1030	281.1030	41505.0718
281.1073	281.1073	329744.299
282.1026	282.1026	84121.4043
282.1107	282.1107	53839.9193
282.1152	282.1152	109885.1914
282.1278	282.1278	15999.3739
283.0165	283.0165	28403.2362
283.1105	283.1105	16882.1135
283.1166	283.1166	18637.5464
283.1230	283.1230	170099.7318
283.2632	283.2632	18592.866
284.0983	284.0983	12151.3013
284.1183	284.1183	45154.0093
284.1263	284.1263	16383.5894
284.1308	284.1308	19912.5811
284.3313	284.3313	66146.379
285.1387	285.1387	33884.1967
285.3346	285.3346	10186.2945
286.1139	286.1139	60850.6695
286.1275	286.1275	33636.4477
287.0731	287.0731	12170.7001
287.0856	287.0856	13016.4755
287.1504	287.1504	14009.4601
288.0683	288.0683	11624.7468
288.0808	288.0808	63312.6845
288.1067	288.1067	17269.3838
288.1319	288.1319	10502.8115
288.1431	288.1431	71482.1531
289.0761	289.0761	44291.0496
289.0886	289.0886	147650.1204
289.1248	289.1248	17080.3441
289.1272	289.1272	12921.3511
290.0376	290.0376	14744.3825
290.0839	290.0839	242758.5445
290.0920	290.0920	15703.1316
290.0965	290.0965	123436.9589
290.1224	290.1224	11145.0307
290.1476	290.1476	84001.1646
290.1588	290.1588	16035.9811
291.0216	291.0216	52494.4981
291.0792	291.0792	34291.1221
291.0873	291.0873	35382.5069
291.0917	291.0917	272678.7836
291.0998	291.0998	12239.1349
291.1043	291.1043	127335.4427
291.1428	291.1428	27836.3768
292.0168	292.0168	23968.7139
292.0870	292.0870	76273.7668
292.0951	292.0951	43502.683
292.0995	292.0995	270416.1404
292.1076	292.1076	15750.8705
292.1121	292.1121	89701.2706
292.1632	292.1632	16688.4256
292.1996	292.1996	15710.1003
293.0008	293.0008	10350.0491
293.0372	293.0372	35610.6091
293.0948	293.0948	55305.0025
293.1029	293.1029	45064.5132
293.1073	293.1073	366244.2794
293.1584	293.1584	79430.4811
294.0212	294.0212	10826.7196
294.0325	294.0325	21219.023
294.1026	294.1026	123046.3843
294.1107	294.1107	61010.5043
294.1152	294.1152	120819.8073
294.1277	294.1277	15069.6512
295.0166	295.0166	23942.0751
295.0530	295.0530	10810.817
295.1105	295.1105	36297.8357
295.1186	295.1186	11916.5003
295.1231	295.1231	169754.4511
295.1742	295.1742	19414.3753
296.1183	296.1183	73715.2205
296.1265	296.1265	21564.7133
296.1308	296.1308	21261.5176
297.1261	297.1261	10414.9445
297.1387	297.1387	54052.1225
298.1275	298.1275	13885.585
298.1340	298.1340	17801.9862
299.0729	299.0729	12211.6825
299.1116	299.1116	12373.3148
299.1479	299.1479	40273.6925
300.0108	300.0108	3652.9068
300.0219	300.0219	23592.16
300.0808	300.0808	23671.9821
300.0934	300.0934	11469.6008
300.1068	300.1068	43403.4275
300.1296	300.1296	8236.7589
300.1431	300.1431	58689.2056
300.1684	300.1684	11558.7631
301.0060	301.0060	5264.3416
301.0298	301.0298	2971.141
301.0628	301.0628	109835.2812
301.0761	301.0761	48548.7586
301.0886	301.0886	65160.0334
301.1019	301.1019	2858.4551
301.1249	301.1249	2557.7975
301.1273	301.1273	5495.5682
301.1635	301.1635	3129.655
302.0140	302.0140	2452.9035
302.0376	302.0376	39239.8792
302.0626	302.0626	7796.8739
302.0716	302.0716	4852.1658
302.0795	302.0795	2372.6589
302.0839	302.0839	50709.0415
302.0919	302.0919	3789.5607
302.0965	302.0965	167687.3657
302.1089	302.1089	2428.7383
302.1224	302.1224	26769.7963
302.1476	302.1476	7496.6008
302.1588	302.1588	29849.1203
302.1840	302.1840	1791.4025
303.0216	303.0216	41858.2956
303.0717	303.0717	3445.5041
303.0791	303.0791	3347.5213
303.0876	303.0876	3329.4632
303.0917	303.0917	312201.1412
303.0998	303.0998	17550.5403
303.1042	303.1042	43792.7745
303.1428	303.1428	15786.4435
304.0169	304.0169	5464.6886
304.0294	304.0294	8653.6109
304.0533	304.0533	12253.9836
304.0870	304.0870	88761.4242
304.0951	304.0951	60444.6884
304.0995	304.0995	212863.4155
304.1121	304.1121	91768.5718
304.1244	304.1244	6561.8241
304.1269	304.1269	4278.7879
304.1380	304.1380	14788.6185
304.1632	304.1632	128666.6382
304.2999	304.2999	38466.42
305.0008	305.0008	4641.0533
305.0247	305.0247	27697.7831
305.0372	305.0372	54632.8921
305.0903	305.0903	4773.3266
305.0948	305.0948	76031.2683
305.1029	305.1029	34319.5865
305.1073	305.1073	311462.2146
305.1155	305.1155	6871.7075
305.1221	305.1221	56520.6492
305.1333	305.1333	11248.3541
305.1585	305.1585	61010.8329
305.1666	305.1666	3885.915
305.1697	305.1697	14424.6299
305.3033	305.3033	5615.1819
306.0087	306.0087	7455.4016
306.0325	306.0325	45341.0795
306.0982	306.0982	3961.738
306.1026	306.1026	108111.2427
306.1107	306.1107	52613.1892
306.1152	306.1152	139163.655
306.1278	306.1278	14707.512
306.1424	306.1424	5080.9509
306.1538	306.1538	3218.9969
306.1789	306.1789	15243.5886
306.2151	306.2151	2525.6321
307.0165	307.0165	23983.9612
307.0403	307.0403	5863.4133
307.0529	307.0529	27053.2243
307.1017	307.1017	2756.57
307.1059	307.1059	8682.7509
307.1105	307.1105	66688.1458
307.1186	307.1186	17473.5635
307.1230	307.1230	189722.8404
307.1377	307.1377	14893.8711
307.1741	307.1741	56858.7489
307.2104	307.2104	7345.935
308.0242	308.0242	3338.3049
308.0369	308.0369	2818.0785
308.0481	308.0481	49617.3159
308.1137	308.1137	2859.9887
308.1183	308.1183	103143.8281
308.1264	308.1264	30682.3696
308.1308	308.1308	33566.4481
308.1581	308.1581	5405.642
309.0110	309.0110	12414.0009
309.0321	309.0321	26231.3053
309.1136	309.1136	4254.3176
309.1170	309.1170	9084.7103
309.1216	309.1216	5563.2153
309.1261	309.1261	16711.8464
309.1322	309.1322	9185.5638
309.1386	309.1386	59844.2912
309.1574	309.1574	3930.7405
310.0189	310.0189	6667.8851
310.0741	310.0741	1952.2012
310.1163	310.1163	5777.9887
310.1274	310.1274	2652.938
310.1339	310.1339	39379.3488
310.1421	310.1421	2925.3459
310.1528	310.1528	1437.6895
310.1598	310.1598	2492.7385
311.0140	311.0140	6139.0929
311.0266	311.0266	31248.9982
311.0477	311.0477	3629.4805
311.1226	311.1226	5404.63
311.1479	311.1479	2437.3958
311.1544	311.1544	6898.9634
311.2945	311.2945	8711.979
312.0219	312.0219	6429.9254
312.0345	312.0345	8989.0062
312.0681	312.0681	1939.8343
312.0807	312.0807	13383.3084
312.0933	312.0933	2024.7984
312.1067	312.1067	4940.9029
312.1319	312.1319	8519.981
312.1431	312.1431	3414.4368
312.1496	312.1496	6560.64
312.1683	312.1683	16707.8673
312.3625	312.3625	10915.1869
313.0297	313.0297	16938.1411
313.0422	313.0422	6000.6381
313.0761	313.0761	7038.2909
313.0886	313.0886	49499.4768
313.1635	313.1635	132910.8171
313.3658	313.3658	1923.8946
314.0138	314.0138	7261.7148
314.0252	314.0252	4280.0494
314.0375	314.0375	49162.4812
314.0839	314.0839	87156.0444
314.0965	314.0965	52622.5937
314.1224	314.1224	62120.0265
314.1477	314.1477	3862.5513
314.1588	314.1588	40936.2414
314.1669	314.1669	3286.8929
315.0215	315.0215	37615.5625
315.0328	315.0328	7630.249
315.0410	315.0410	3856.3909
315.0453	315.0453	2845.0028
315.0792	315.0792	14513.1022
315.0873	315.0873	8546.9396
315.0917	315.0917	137343.5625
315.0998	315.0998	3131.6278
315.1043	315.1043	93174.0795
315.1176	315.1176	18909.4537
315.1428	315.1428	19249.3411
315.1541	315.1541	5150.4175
315.1792	315.1792	15720.4125
315.9930	315.9930	2113.6996
316.0169	316.0169	31248.0283
316.0293	316.0293	7105.4727
316.0533	316.0533	38630.0395
316.0871	316.0871	32550.2181
316.0951	316.0951	12965.1928
316.0995	316.0995	212348.27
316.1121	316.1121	56378.686
316.1380	316.1380	19939.7701
316.1634	316.1634	10288.9004
316.1744	316.1744	2999.5079
316.1995	316.1995	2429.0124
317.0373	317.0373	55665.1765
317.0903	317.0903	1968.3911
317.0949	317.0949	62743.9509
317.1030	317.1030	39349.4397
317.1074	317.1074	278084.1063
317.1155	317.1155	3610.1677
317.1333	317.1333	62876.7358
317.1586	317.1586	21819.5431
317.1697	317.1697	42598.0979
317.1951	317.1951	2787.8357
318.0325	318.0325	89368.9487
318.0453	318.0453	3071.6324
318.0981	318.0981	2771.0884
318.1027	318.1027	136814.1756
318.1108	318.1108	49518.4072
318.1152	318.1152	126486.6581
318.1278	318.1278	11513.8713
318.1425	318.1425	3774.7491
318.1538	318.1538	2499.3702
318.1789	318.1789	84894.7362
318.2153	318.2153	7531.2664
319.0165	319.0165	22427.5859
319.0404	319.0404	18914.714
319.0529	319.0529	32779.1911
319.0981	319.0981	3319.6611
319.1060	319.1060	12168.8079
319.1105	319.1105	57078.8766
319.1187	319.1187	13188.2027
319.1231	319.1231	182448.8919
319.1378	319.1378	49762.958
319.1741	319.1741	46503.2719
320.0243	320.0243	2184.5993
320.0482	320.0482	99921.8346
320.0982	320.0982	7770.9585
320.1008	320.1008	3055.9143
320.1056	320.1056	2219.4638
320.1183	320.1183	112372.1768
320.1217	320.1217	11293.9831
320.1264	320.1264	23598.7234
320.1308	320.1308	41453.9678
320.1582	320.1582	2135.568
320.1946	320.1946	15584.1099
320.2307	320.2307	2838.9638
321.0110	321.0110	7064.4823
321.0321	321.0321	18309.1407
321.0517	321.0517	3008.9059
321.0685	321.0685	5448.2151
321.1135	321.1135	3487.8675
321.1171	321.1171	2627.2299
321.1216	321.1216	12114.1159
321.1261	321.1261	31747.3113
321.1387	321.1387	58871.2154
321.1534	321.1534	29556.3664
321.1898	321.1898	72947.6849
321.3265	321.3265	4398.8668
322.0189	322.0189	35341.4613
322.0638	322.0638	9786.8402
322.1340	322.1340	60753.4474
322.1488	322.1488	10395.7421
322.1934	322.1934	2315.866
323.0114	323.0114	3208.2231
323.0223	323.0223	2270.1648
323.0267	323.0267	51048.9168
323.0478	323.0478	10545.4056
323.1325	323.1325	2768.7392
323.1371	323.1371	2610.916
323.1416	323.1416	2957.7303
323.1543	323.1543	5352.1136
323.1691	323.1691	74782.9609
323.2055	323.2055	2783.1768
324.0220	324.0220	22170.5143
324.0346	324.0346	25445.1951
324.0805	324.0805	1941.2404
324.0932	324.0932	2431.573
324.1320	324.1320	24788.5615
324.1496	324.1496	11831.3712
324.1684	324.1684	3653.2988
324.3262	324.3262	7069.7385
324.3626	324.3626	16997.1562
325.0174	325.0174	2090.1221
325.0297	325.0297	5380.2399
325.0423	325.0423	45657.4474
325.0761	325.0761	5123.5775
325.0886	325.0886	10327.3733
325.3660	325.3660	1940.3541
326.0248	326.0248	2441.7163
326.0376	326.0376	59858.5812
326.0501	326.0501	5247.9184
326.0838	326.0838	6376.8179
326.0965	326.0965	44756.3742
326.1090	326.1090	12990.987
326.1224	326.1224	6056.3842
326.1338	326.1338	3425.0593
326.1476	326.1476	1973.8879
326.1588	326.1588	6583.7094
326.3782	326.3782	823760.9693
327.0216	327.0216	25535.315
327.0328	327.0328	53217.93
327.0415	327.0415	2482.919
327.0455	327.0455	7708.0869
327.0578	327.0578	2602.581
327.0918	327.0918	136856.7127
327.1000	327.1000	4198.0679
327.1042	327.1042	29841.2138
327.1429	327.1429	9140.0054
327.1792	327.1792	26659.4637
327.3815	327.3815	174178.9457
328.0294	328.0294	15627.9319
328.0532	328.0532	24530.5167
328.0870	328.0870	34017.9041
328.0951	328.0951	16956.3885
328.0995	328.0995	118395.0747
328.1121	328.1121	65775.7009
328.1381	328.1381	67801.3727
328.1744	328.1744	15927.4317
328.3847	328.3847	10570.7686
329.0247	329.0247	26320.9311
329.0372	329.0372	47180.7901
329.0485	329.0485	3876.8672
329.0948	329.0948	54570.272
329.1030	329.1030	13356.8969
329.1074	329.1074	229912.1976
329.1154	329.1154	3841.6985
329.1199	329.1199	11809.1606
329.1334	329.1334	6486.1204
329.1585	329.1585	4988.2668
329.1949	329.1949	21709.8245
330.0325	330.0325	42586.8852
330.0451	330.0451	8169.588
330.0689	330.0689	5193.8469
330.0982	330.0982	3026.4424
330.1027	330.1027	115851.2395
330.1108	330.1108	44502.0407
330.1152	330.1152	138404.7273
330.1277	330.1277	6090.654
330.1304	330.1304	8983.364
330.1537	330.1537	13984.7948
330.1789	330.1789	33178.385
331.0165	331.0165	10224.8768
331.0403	331.0403	36402.3633
331.0529	331.0529	35162.0018
331.1061	331.1061	7407.2744
331.1104	331.1104	78223.3219
331.1186	331.1186	17925.6737
331.1230	331.1230	163260.8265
331.1377	331.1377	4943.0299
331.1490	331.1490	65062.233
331.1741	331.1741	26871.512
332.0242	332.0242	6780.7136
332.0481	332.0481	99913.9403
332.1138	332.1138	7477.9436
332.1183	332.1183	113387.7273
332.1264	332.1264	21190.3205
332.1307	332.1307	32464.371
332.1333	332.1333	11477.2073
332.1582	332.1582	3183.31
332.1693	332.1693	9024.8512
332.1945	332.1945	39250.4031
332.3312	332.3312	11911.2644
333.0110	333.0110	3706.4812
333.0198	333.0198	2076.8492
333.0321	333.0321	29063.1374
333.0515	333.0515	4020.7922
333.0560	333.0560	1942.2356
333.0684	333.0684	4898.923
333.1135	333.1135	5163.8514
333.1169	333.1169	4882.4942
333.1217	333.1217	13102.26
333.1261	333.1261	38486.9563
333.1387	333.1387	59933.557
333.1534	333.1534	59423.837
333.1897	333.1897	35622.0983
333.2262	333.2262	7036.4688
333.3348	333.3348	2371.1389
334.0189	334.0189	15627.2104
334.0275	334.0275	2554.2776
334.0638	334.0638	40180.62
334.1210	334.1210	2100.6333
334.1339	334.1339	73457.9535
334.1487	334.1487	3734.8277
334.1851	334.1851	2186.0938
334.2102	334.2102	2042.9226
335.0114	335.0114	3231.6051
335.0267	335.0267	86198.6864
335.0476	335.0476	9645.2403
335.1293	335.1293	3834.7356
335.1327	335.1327	17779.8909
335.1374	335.1374	2492.8885
335.1416	335.1416	5635.5452
335.1543	335.1543	8916.4428
335.1690	335.1690	54872.5071
335.2054	335.2054	62951.1822
336.0301	336.0301	3003.8239
336.0345	336.0345	55575.9405
336.1279	336.1279	1985.5522
336.1496	336.1496	16603.2466
336.1530	336.1530	1947.9856
336.1894	336.1894	2550.1849
337.0268	337.0268	3420.0981
337.0298	337.0298	26519.3093
337.0423	337.0423	70995.1851
337.0884	337.0884	4961.6129
337.1484	337.1484	2093.8848
337.1529	337.1529	2168.9181
337.2210	337.2210	2075.874
338.0136	338.0136	2147.6412
338.0250	338.0250	4579.8429
338.0375	338.0375	47320.4171
338.0456	338.0456	2680.6065
338.0501	338.0501	22810.7793
338.0839	338.0839	10054.6478
338.0964	338.0964	4798.6265
338.1477	338.1477	11727.8743
338.1652	338.1652	2977.2101
338.1800	338.1800	2740.9982
339.0216	339.0216	17935.6862
339.0329	339.0329	12022.9688
339.0455	339.0455	13151.9994
339.0580	339.0580	20498.319
339.0792	339.0792	3532.2788
339.0917	339.0917	30890.6758
339.1044	339.1044	37144.6378
339.1176	339.1176	6577.8757
339.1430	339.1430	3027.6871
339.1641	339.1641	2242.0615
339.1791	339.1791	1782.3448
340.0169	340.0169	4197.9319
340.0292	340.0292	6425.7057
340.0532	340.0532	63462.2195
340.0870	340.0870	13992.8185
340.0996	340.0996	106943.0839
340.1122	340.1122	17425.8445
340.1381	340.1381	31348.6895
340.1635	340.1635	2027.084
340.1744	340.1744	2144.1077
340.3573	340.3573	3212.7815
340.3939	340.3939	4445.0834
341.0373	341.0373	55307.926
341.0485	341.0485	25987.3551
341.0610	341.0610	4183.4026
341.0948	341.0948	49348.6864
341.1029	341.1029	12719.4266
341.1074	341.1074	155898.1056
341.1199	341.1199	13063.3424
341.1333	341.1333	4202.8588
341.1585	341.1585	26453.8117
341.1949	341.1949	13046.2592
342.0087	342.0087	2433.7802
342.0325	342.0325	61480.9744
342.0451	342.0451	5895.9922
342.0689	342.0689	19239.0638
342.0828	342.0828	2767.9362
342.1027	342.1027	99430.2374
342.1107	342.1107	23033.5137
342.1152	342.1152	104949.4666
342.1279	342.1279	6355.5322
342.1538	342.1538	58243.8421
342.1788	342.1788	6076.7946
342.1901	342.1901	4320.3799
342.3731	342.3731	4411.4349
343.0164	343.0164	12731.9377
343.0359	343.0359	2092.0384
343.0403	343.0403	8702.586
343.0529	343.0529	24417.4552
343.0980	343.0980	4055.0517
343.1060	343.1060	11786.6055
343.1104	343.1104	48762.4865
343.1186	343.1186	9431.1516
343.1230	343.1230	140172.2354
343.1353	343.1353	43824.447
343.1490	343.1490	27164.8908
343.1742	343.1742	5339.4764
343.1852	343.1852	4398.0476
343.2105	343.2105	5311.2169
344.0244	344.0244	6474.5875
344.0482	344.0482	81527.6611
344.0609	344.0609	1915.4625
344.1137	344.1137	2014.6775
344.1184	344.1184	125516.0315
344.1264	344.1264	17915.1698
344.1308	344.1308	44740.9766
344.1694	344.1694	9757.7064
344.1946	344.1946	6518.7274
344.2057	344.2057	77504.7401
345.0196	345.0196	3035.6587
345.0321	345.0321	19132.122
345.0435	345.0435	2830.6556
345.0515	345.0515	2705.7429
345.0560	345.0560	4081.2205
345.0685	345.0685	10125.9523
345.1136	345.1136	3794.0396
345.1216	345.1216	9134.448
345.1260	345.1260	40015.3236
345.1387	345.1387	61964.5754
345.1534	345.1534	6190.917
345.1647	345.1647	27761.2182
345.1898	345.1898	33684.7236
345.2089	345.2089	1939.4621
346.0189	346.0189	29674.0336
346.0398	346.0398	2163.5682
346.0638	346.0638	25526.536
346.1213	346.1213	2724.4281
346.1297	346.1297	2688.9808
346.1340	346.1340	75025.6153
346.1422	346.1422	5294.8765
346.2102	346.2102	48595.7387
347.0114	347.0114	2407.9304
347.0267	347.0267	48396.3527
347.0349	347.0349	2037.593
347.0477	347.0477	8116.2579
347.1292	347.1292	7873.0067
347.1373	347.1373	6595.5522
347.1543	347.1543	6788.8397
347.1690	347.1690	44562.1089
347.1802	347.1802	6005.5223
347.2054	347.2054	33016.9168
348.0221	348.0221	43292.8942
348.0345	348.0345	69055.4266
348.1281	348.1281	2835.8269
348.1497	348.1497	28718.0882
348.1532	348.1532	4761.8301
348.1644	348.1644	13333.8251
348.2259	348.2259	6274.1704
349.0299	349.0299	8219.4264
349.0423	349.0423	79291.9857
349.1485	349.1485	5231.7499
349.1847	349.1847	49033.069
349.2211	349.2211	8932.5756
350.0337	350.0337	4496.7326
350.0376	350.0376	92777.8451
350.0501	350.0501	23944.6935
350.0964	350.0964	3302.1803
350.1436	350.1436	4600.5978
350.1651	350.1651	4249.5801
350.1799	350.1799	32542.5235
351.0216	351.0216	8114.7148
351.0329	351.0329	4818.8305
351.0413	351.0413	7060.7116
351.0454	351.0454	52410.4908
351.0533	351.0533	3112.9493
351.0579	351.0579	42301.9765
351.0917	351.0917	26471.7331
351.1042	351.1042	4799.3409
351.1428	351.1428	6436.182
351.1640	351.1640	3360.2334
351.2004	351.2004	2215.4133
352.0294	352.0294	7100.1405
352.0532	352.0532	75938.1819
352.0658	352.0658	7964.7328
352.0869	352.0869	12810.12
352.0995	352.0995	30960.1202
352.1122	352.1122	19743.1634
352.1634	352.1634	3337.3992
352.1956	352.1956	3006.2634
353.0247	353.0247	3940.0837
353.0372	353.0372	37886.1877
353.0485	353.0485	5133.1999
353.0569	353.0569	4188.6859
353.0611	353.0611	25884.728
353.0737	353.0737	5955.4864
353.0948	353.0948	21126.1866
353.1074	353.1074	110898.8753
353.1201	353.1201	2587.9404
354.0325	354.0325	15535.6571
354.0450	354.0450	9361.5718
354.0689	354.0689	59167.7486
354.1026	354.1026	74513.313
354.1106	354.1106	10303.2488
354.1152	354.1152	87933.2774
354.1280	354.1280	9784.4474
354.1537	354.1537	24508.3104
354.1789	354.1789	9273.6683
354.1901	354.1901	9623.9883
355.0165	355.0165	5613.3785
355.0403	355.0403	21418.2426
355.0529	355.0529	39882.585
355.0641	355.0641	2952.3614
355.0766	355.0766	3738.5529
355.0984	355.0984	4418.1786
355.1060	355.1060	5597.5126
355.1104	355.1104	72926.7695
355.1186	355.1186	7469.3755
355.1231	355.1231	105330.0713
355.1489	355.1489	7524.8561
356.0243	356.0243	5092.3592
356.0481	356.0481	52017.4597
356.0846	356.0846	17378.6211
356.1183	356.1183	100883.3519
356.1263	356.1263	15661.0704
356.1308	356.1308	39195.9633
356.1694	356.1694	12916.212
356.2058	356.2058	2658.1854
357.0321	357.0321	24519.6679
357.0559	357.0559	7279.7953
357.0685	357.0685	10874.8207
357.0879	357.0879	2303.6801
357.1136	357.1136	13151.1186
357.1217	357.1217	12032.5433
357.1261	357.1261	44940.8563
357.1387	357.1387	56050.6769
357.1471	357.1471	4659.7425
357.1647	357.1647	66625.2983
357.1898	357.1898	46608.018
357.2011	357.2011	2727.0531
358.0189	358.0189	6874.3592
358.0276	358.0276	2843.9375
358.0398	358.0398	3905.3378
358.0638	358.0638	23143.3331
358.1340	358.1340	80841.8076
358.1489	358.1489	10494.4855
358.1679	358.1679	2185.6317
358.1738	358.1738	25055.5525
358.1850	358.1850	17054.3723
358.2101	358.2101	1789.0688
358.2215	358.2215	21963.668
359.0267	359.0267	76528.0753
359.0350	359.0350	3251.3317
359.0477	359.0477	6859.4202
359.1090	359.1090	2937.8545
359.1294	359.1294	6339.0908
359.1374	359.1374	7676.2581
359.1543	359.1543	7032.0989
359.1691	359.1691	8181.932
359.1804	359.1804	3677.9255
359.2055	359.2055	17299.1429
360.0221	360.0221	4216.4688
360.0302	360.0302	3579.2543
360.0345	360.0345	48438.1507
360.0428	360.0428	3613.1599
360.0796	360.0796	2046.4645
360.1496	360.1496	33305.6051
360.1643	360.1643	11617.8088
360.2257	360.2257	5724.1937
361.0298	361.0298	92905.4982
361.0379	361.0379	6982.8322
361.0423	361.0423	57657.664
361.0506	361.0506	2582.7226
361.1451	361.1451	7159.9871
361.1847	361.1847	102926.8471
361.2211	361.2211	36696.9928
362.0333	362.0333	7156.3166
362.0376	362.0376	109550.6987
362.0501	362.0501	42302.3936
362.1439	362.1439	3810.5614
362.1548	362.1548	8258.4786
362.1651	362.1651	2684.4491
362.1688	362.1688	3960.5935
362.1800	362.1800	13775.7016
362.2164	362.2164	3379.8484
363.0329	363.0329	5427.5898
363.0454	363.0454	124926.2344
363.0579	363.0579	38232.8902
363.1041	363.1041	4210.5604
363.1429	363.1429	9709.792
363.1640	363.1640	9610.2905
363.2003	363.2003	21786.9844
363.2367	363.2367	54708.2825
364.0294	364.0294	8509.8023
364.0407	364.0407	11552.8293
364.0490	364.0490	16354.7308
364.0532	364.0532	172755.4171
364.0657	364.0657	7752.3557
364.0995	364.0995	25298.0868
364.1121	364.1121	3162.7062
364.1956	364.1956	11697.0026
365.0373	365.0373	39873.1055
365.0485	365.0485	20969.2158
365.0568	365.0568	18920.2051
365.0611	365.0611	84166.7275
365.0737	365.0737	9783.4887
365.0948	365.0948	14748.5215
365.1074	365.1074	46768.1067
365.1203	365.1203	2232.9337
365.1795	365.1795	2104.4329
365.2160	365.2160	5078.4143
365.2524	365.2524	6146.6034
366.0325	366.0325	29502.0972
366.0450	366.0450	5976.4329
366.0564	366.0564	10392.2607
366.0646	366.0646	5085.3275
366.0689	366.0689	116035.0078
366.1025	366.1025	47849.773
366.1107	366.1107	4282.9492
366.1153	366.1153	44510.7698
366.1278	366.1278	2305.5204
366.1789	366.1789	39880.2702
366.2500	366.2500	3919.3227
367.0166	367.0166	3228.2287
367.0403	367.0403	4872.1479
367.0530	367.0530	37311.0065
367.0641	367.0641	18208.6076
367.0724	367.0724	11515.9531
367.0767	367.0767	27176.163
367.0977	367.0977	2122.4846
367.1060	367.1060	5014.7329
367.1105	367.1105	52979.3837
367.1187	367.1187	5040.5951
367.1231	367.1231	80083.6844
367.1742	367.1742	10627.4088
367.1822	367.1822	2003.8725
368.0244	368.0244	7800.7305
368.0481	368.0481	58894.507
368.0604	368.0604	3669.7601
368.0804	368.0804	3123.0342
368.0845	368.0845	82485.5577
368.1138	368.1138	3116.7687
368.1183	368.1183	99919.8724
368.1265	368.1265	7907.7667
368.1308	368.1308	26943.4039
368.2055	368.2055	1228.1634
368.4252	368.4252	2564.973
369.0196	369.0196	2854.3632
369.0322	369.0322	17964.2279
369.0516	369.0516	4769.4732
369.0561	369.0561	10379.9533
369.0685	369.0685	8644.2653
369.0797	369.0797	2025.7412
369.0880	369.0880	5559.5744
369.0922	369.0922	1954.1433
369.1138	369.1138	10466.3637
369.1217	369.1217	9560.4802
369.1261	369.1261	48081.6398
369.1387	369.1387	40324.5202
369.1532	369.1532	8902.6798
369.1646	369.1646	3740.0624
369.1898	369.1898	17735.4237
370.0190	370.0190	3578.259
370.0274	370.0274	4350.4621
370.0397	370.0397	3455.9091
370.0639	370.0639	36648.9554
370.1001	370.1001	16753.1671
370.1212	370.1212	3145.9861
370.1297	370.1297	2926.7579
370.1340	370.1340	85360.5909
370.1423	370.1423	4159.25
370.1465	370.1465	5490.0878
370.1851	370.1851	34617.4116
371.0266	371.0266	10599.9171
371.0352	371.0352	3444.2351
371.0479	371.0479	11842.2409
371.0719	371.0719	1910.735
371.1293	371.1293	8779.5218
371.1374	371.1374	11509.9889
371.1545	371.1545	6996.5536
371.1628	371.1628	4360.4759
371.1804	371.1804	39141.2083
371.2055	371.2055	7347.6607
372.0219	372.0219	26365.1354
372.0346	372.0346	64156.4882
372.0426	372.0426	9295.9919
372.0795	372.0795	5777.5215
372.1496	372.1496	35818.9151
372.1645	372.1645	2720.1439
372.2007	372.2007	15394.9182
372.2260	372.2260	10970.1894
373.0298	373.0298	35992.7607
373.0423	373.0423	67584.2026
373.0505	373.0505	5671.7762
373.1595	373.1595	8415.6278
373.1844	373.1844	4616.9268
373.1959	373.1959	63493.2822
373.2211	373.2211	11838.3954
373.2324	373.2324	7591.6346
374.0376	374.0376	242381.0884
374.0501	374.0501	33535.3261
374.0583	374.0583	10699.3489
374.1548	374.1548	5703.5857
374.1653	374.1653	7574.4062
374.1800	374.1800	5044.538
374.1994	374.1994	1923.0463
374.2163	374.2163	3452.0486
374.2414	374.2414	8034.1177
375.0329	375.0329	21342.9457
375.0412	375.0412	43034.8917
375.0454	375.0454	219538.8607
375.0580	375.0580	38452.8585
375.0659	375.0659	2898.1375
375.1390	375.1390	2130.2604
375.1640	375.1640	3459.9184
375.1752	375.1752	7653.0978
375.2003	375.2003	58909.018
375.2369	375.2369	11790.068
376.0408	376.0408	10526.3021
376.0532	376.0532	302150.0654
376.0615	376.0615	3804.8074
376.0658	376.0658	9683.4889
376.1593	376.1593	59654.5579
376.1956	376.1956	16610.7209
376.2319	376.2319	2010.5817
377.0247	377.0247	2204.4913
377.0373	377.0373	14280.2253
377.0485	377.0485	67873.0481
377.0568	377.0568	60971.9681
377.0611	377.0611	202700.3038
377.0734	377.0734	6232.9417
377.0948	377.0948	2240.7231
377.1074	377.1074	18584.1517
377.1434	377.1434	1902.2385
377.1586	377.1586	20914.0647
377.1799	377.1799	4265.4666
377.2160	377.2160	5606.1565
377.2524	377.2524	2791.4854
378.0325	378.0325	5728.8319
378.0451	378.0451	8039.8369
378.0524	378.0524	5568.1533
378.0564	378.0564	34224.4107
378.0646	378.0646	39808.0009
378.0689	378.0689	207325.3876
378.1026	378.1026	25897.1317
378.1153	378.1153	19246.2846
378.1750	378.1750	14278.3032
378.2113	378.2113	23171.9723
378.2477	378.2477	12224.8532
379.0165	379.0165	2531.9754
379.0402	379.0402	14650.0537
379.0528	379.0528	24085.205
379.0642	379.0642	57775.4769
379.0724	379.0724	33534.2225
379.0767	379.0767	86250.6443
379.1105	379.1105	30209.4447
379.1230	379.1230	35033.4943
379.1950	379.1950	6219.2412
380.0244	380.0244	5194.4291
380.0481	380.0481	39607.8303
380.0604	380.0604	2348.2302
380.0676	380.0676	3499.755
380.0720	380.0720	12046.2727
380.0802	380.0802	9616.6932
380.0845	380.0845	123259.2644
380.1055	380.1055	4816.9231
380.1139	380.1139	2360.5939
380.1183	380.1183	59456.1832
380.1308	380.1308	13307.5857
380.1441	380.1441	4325.7774
380.1693	380.1693	5685.8578
380.1945	380.1945	2562.5225
380.2269	380.2269	21177.0935
381.0318	381.0318	5294.6104
381.0434	381.0434	2487.9587
381.0560	381.0560	25030.7239
381.0685	381.0685	8621.7841
381.0798	381.0798	20177.8743
381.0879	381.0879	10625.2171
381.0923	381.0923	15413.0071
381.1136	381.1136	7738.1132
381.1216	381.1216	4498.0887
381.1261	381.1261	50103.1395
381.1388	381.1388	26059.4929
381.1534	381.1534	51661.5596
382.0399	382.0399	4133.3321
382.0638	382.0638	51175.0581
382.1002	382.1002	79009.9166
382.1214	382.1214	3665.8683
382.1296	382.1296	3498.8727
382.1339	382.1339	72754.3717
382.1850	382.1850	19392.7849
383.0267	383.0267	28215.1055
383.0351	383.0351	5711.8287
383.0478	383.0478	16347.6799
383.0714	383.0714	5376.9007
383.0845	383.0845	2149.362
383.1035	383.1035	5175.7455
383.1295	383.1295	10678.8408
383.1372	383.1372	5197.328
383.1541	383.1541	4640.536
383.1688	383.1688	4776.4866
383.1804	383.1804	4291.5373
384.0219	384.0219	5397.7676
384.0345	384.0345	16719.5334
384.0428	384.0428	11650.2989
384.0795	384.0795	21295.0433
384.1158	384.1158	2936.7473
384.1370	384.1370	5074.4226
384.1496	384.1496	41550.7722
384.2007	384.2007	27089.2045
385.0298	385.0298	153961.2082
385.0382	385.0382	3055.7338
385.0424	385.0424	53251.0262
385.0505	385.0505	15477.6394
385.1448	385.1448	6676.3506
385.1595	385.1595	22922.2746
385.1785	385.1785	4240.7039
385.1960	385.1960	4668.7076
386.0250	386.0250	8221.2043
386.0376	386.0376	227603.0891
386.0502	386.0502	41047.7425
386.0582	386.0582	21893.7878
386.1652	386.1652	7561.6398
386.1799	386.1799	4802.738
386.2164	386.2164	15799.0767
387.0454	387.0454	386988.8006
387.0579	387.0579	31745.4978
387.0660	387.0660	13349.123
387.1752	387.1752	5665.547
387.2004	387.2004	16806.584
387.2115	387.2115	2725.1086
387.2367	387.2367	61964.5653
388.0407	388.0407	103746.7538
388.0489	388.0489	73160.5131
388.0532	388.0532	530737.6121
388.0738	388.0738	9397.3376
388.0991	388.0991	2488.4723
388.1706	388.1706	6339.6082
388.1955	388.1955	5044.5577
388.2070	388.2070	4425.3101
388.2319	388.2319	9474.7658
389.0373	389.0373	18529.0135
389.0485	389.0485	89643.1015
389.0567	389.0567	94836.2923
389.0611	389.0611	385938.485
389.2160	389.2160	84253.8114
389.2273	389.2273	7801.5803
389.2523	389.2523	5838.7078
390.0327	390.0327	12946.4579
390.0451	390.0451	2323.1402
390.0521	390.0521	9480.5253
390.0564	390.0564	109309.6742
390.0689	390.0689	396099.4912
390.0894	390.0894	2959.6914
390.1026	390.1026	2748.2338
390.1152	390.1152	7021.7596
390.1750	390.1750	9804.6522
390.2112	390.2112	20237.188
390.2194	390.2194	3291.3668
391.0406	391.0406	4605.0214
391.0528	391.0528	15440.0994
391.0600	391.0600	15245.375
391.0642	391.0642	134909.1641
391.0724	391.0724	80535.9717
391.0767	391.0767	200138.6842
391.1104	391.1104	10781.4911
391.1230	391.1230	13628.102
391.1591	391.1591	2580.1429
391.1705	391.1705	2704.1916
391.1954	391.1954	2285.638
391.2316	391.2316	29078.3667
391.2680	391.2680	7243.1138
392.0245	392.0245	4453.8209
392.0482	392.0482	55530.6302
392.0603	392.0603	4217.3968
392.0676	392.0676	16790.0327
392.0720	392.0720	55944.475
392.0803	392.0803	39421.0068
392.0845	392.0845	190885.596
392.1054	392.1054	2464.3165
392.1182	392.1182	34605.7474
392.1309	392.1309	6947.5295
392.1694	392.1694	2195.1583
392.1906	392.1906	3636.0757
392.2268	392.2268	7268.2815
392.2631	392.2631	3126.442
393.0321	393.0321	7572.394
393.0434	393.0434	2677.6478
393.0561	393.0561	15886.4381
393.0685	393.0685	5879.3337
393.0756	393.0756	4694.3634
393.0799	393.0799	86758.0541
393.0880	393.0880	34080.2569
393.0924	393.0924	54555.97
393.1136	393.1136	5824.9091
393.1216	393.1216	4841.9745
393.1261	393.1261	18056.2251
393.1388	393.1388	10226.7271
393.1743	393.1743	3990.7758
393.1855	393.1855	3070.8135
393.2111	393.2111	2101.0086
394.0271	394.0271	2198.2698
394.0400	394.0400	3568.9905
394.0639	394.0639	58969.2222
394.0834	394.0834	7493.1488
394.0876	394.0876	11801.5202
394.0959	394.0959	5547.2752
394.1002	394.1002	94153.1915
394.1216	394.1216	3596.4882
394.1340	394.1340	42979.485
394.1850	394.1850	6265.6533
394.2062	394.2062	3958.8051
395.0352	395.0352	6886.7702
395.0477	395.0477	8824.0487
395.0592	395.0592	3944.871
395.0719	395.0719	7861.9321
395.0911	395.0911	2336.6338
395.0956	395.0956	11366.2784
395.1035	395.1035	9244.8191
395.1081	395.1081	4850.5125
395.1297	395.1297	22114.9788
395.1374	395.1374	2341.3828
395.1418	395.1418	17572.2866
395.1540	395.1540	31286.4598
395.1691	395.1691	22645.804
395.2055	395.2055	9684.6187
396.0219	396.0219	4419.2542
396.0346	396.0346	30913.2025
396.0428	396.0428	30458.8564
396.0795	396.0795	31364.2088
396.0990	396.0990	2761.7361
396.1159	396.1159	38463.3593
396.1369	396.1369	4027.2855
396.1497	396.1497	32585.2069
396.2371	396.2371	2744.1619
397.0299	397.0299	27750.6409
397.0381	397.0381	3843.3981
397.0423	397.0423	30586.0579
397.0505	397.0505	25733.4766
397.0748	397.0748	2228.5793
397.1452	397.1452	21196.615
397.1534	397.1534	1952.6666
397.1960	397.1960	8252.7726
397.2212	397.2212	27992.1872
398.0376	398.0376	399506.2084
398.0501	398.0501	19502.6017
398.0582	398.0582	39635.5245
398.0951	398.0951	8922.4222
398.1547	398.1547	3338.9833
398.1652	398.1652	10304.5025
398.2047	398.2047	1099.3351
398.2166	398.2166	6911.9255
399.0329	399.0329	63279.3705
399.0455	399.0455	447832.5572
399.0580	399.0580	38956.8497
399.0661	399.0661	36755.8814
399.1609	399.1609	5472.042
399.1753	399.1753	24132.5603
399.2116	399.2116	49914.7548
399.2369	399.2369	7035.7065
399.3082	399.3082	2023.3709
400.0408	400.0408	59828.5618
400.0532	400.0532	728179.3792
400.0738	400.0738	32018.5164
400.1593	400.1593	3003.3216
400.1705	400.1705	3092.4554
400.1958	400.1958	9944.1844
401.0485	401.0485	297040.3672
401.0567	401.0567	130506.6016
401.0611	401.0611	667819.8334
401.0689	401.0689	8053.6174
401.0817	401.0817	12627.7795
401.1543	401.1543	3272.6046
401.1910	401.1910	8702.6427
401.2161	401.2161	6422.7976
401.2273	401.2273	14744.8678
401.2525	401.2525	2155.3809
402.0325	402.0325	3447.0645
402.0447	402.0447	9218.5457
402.0521	402.0521	61381.6307
402.0564	402.0564	227351.1315
402.0645	402.0645	120531.5888
402.0689	402.0689	658187.8601
402.0896	402.0896	7333.7061
402.1751	402.1751	1958.3457
402.1864	402.1864	2352.5119
402.2113	402.2113	57620.5435
402.2482	402.2482	2495.8187
403.0403	403.0403	6905.3913
403.0528	403.0528	16900.8888
403.0599	403.0599	42116.818
403.0642	403.0642	260969.6598
403.0724	403.0724	130235.7424
403.0768	403.0768	352194.913
403.0971	403.0971	4273.7267
403.1103	403.1103	1937.9943
403.1229	403.1229	3903.0485
403.1702	403.1702	16300.272
403.2316	403.2316	13267.6821
404.0482	404.0482	31219.496
404.0677	404.0677	54999.8496
404.0721	404.0721	164532.068
404.0802	404.0802	72914.1975
404.0846	404.0846	337301.921
404.1183	404.1183	9224.6708
404.1905	404.1905	25154.0271
404.2270	404.2270	71029.9116
404.2633	404.2633	25980.4516
405.0321	405.0321	2969.432
405.0559	405.0559	22948.1271
405.0684	405.0684	9537.8111
405.0756	405.0756	31319.1771
405.0799	405.0799	178464.8981
405.0880	405.0880	77024.5168
405.0924	405.0924	138432.4237
405.1136	405.1136	3529.7927
405.1262	405.1262	9048.2141
405.1384	405.1384	3326.4817
405.1859	405.1859	6218.9378
405.2473	405.2473	2595.084
406.0398	406.0398	3183.8532
406.0514	406.0514	3744.9017
406.0595	406.0595	3247.5488
406.0638	406.0638	55231.3002
406.0833	406.0833	27475.947
406.0877	406.0877	51967.0202
406.0959	406.0959	19215.9352
406.1002	406.1002	116827.7867
406.1213	406.1213	2471.7096
406.1339	406.1339	22422.3348
406.2063	406.2063	19817.2714
406.2426	406.2426	94018.6543
407.0352	407.0352	7150.4952
407.0477	407.0477	7720.4158
407.0592	407.0592	5130.1038
407.0671	407.0671	1909.7812
407.0717	407.0717	8582.8653
407.0911	407.0911	3178.4217
407.0955	407.0955	92977.8489
407.1037	407.1037	14395.4958
407.1081	407.1081	9811.5821
407.1292	407.1292	7595.4118
407.1417	407.1417	10381.4363
407.1542	407.1542	2453.6077
407.1905	407.1905	3380.0935
407.2012	407.2012	2116.6037
407.2170	407.2170	2194.0529
407.2460	407.2460	4230.3715
408.0347	408.0347	2248.7742
408.0431	408.0431	22820.0903
408.0795	408.0795	36897.1387
408.0990	408.0990	3361.6189
408.1031	408.1031	3896.6443
408.1158	408.1158	44898.1435
408.1496	408.1496	21674.4547
408.1631	408.1631	4113.3629
408.2005	408.2005	2065.3171
408.2582	408.2582	1670.9767
409.0298	409.0298	62948.2965
409.0424	409.0424	24224.2104
409.0506	409.0506	42192.8504
409.0633	409.0633	1967.8867
409.0749	409.0749	3517.8392
409.0875	409.0875	3435.5271
409.1113	409.1113	2564.9862
409.1192	409.1192	2610.4982
409.1448	409.1448	10870.8701
409.1960	409.1960	2412.7971
410.0252	410.0252	14639.8871
410.0333	410.0333	12543.7136
410.0376	410.0376	173827.4387
410.0457	410.0457	12963.747
410.0502	410.0502	21220.6426
410.0583	410.0583	55629.6753
410.0951	410.0951	12978.0541
410.1317	410.1317	5828.3024
410.1652	410.1652	7855.5179
411.0331	411.0331	30032.5951
411.0454	411.0454	530074.0794
411.0661	411.0661	54263.3003
411.1606	411.1606	8883.5755
411.1753	411.1753	7777.0365
411.2004	411.2004	18208.5814
411.2117	411.2117	3056.2881
411.2484	411.2484	5230.6046
412.0407	412.0407	321231.3565
412.0532	412.0532	813016.0213
412.0610	412.0610	41738.5284
412.0738	412.0738	54970.5703
412.1589	412.1589	3633.1452
412.1704	412.1704	2858.722
412.2320	412.2320	28851.4449
413.0372	413.0372	5583.6939
413.0442	413.0442	59287.8752
413.0486	413.0486	262243.3055
413.0568	413.0568	152233.5851
413.0611	413.0611	815549.9133
413.0817	413.0817	33871.6549
413.1760	413.1760	3721.8029
413.1906	413.1906	3688.6606
413.2160	413.2160	4737.582
413.2273	413.2273	1905.0742
414.0326	414.0326	4589.6757
414.0563	414.0563	726878.1943
414.0689	414.0689	855573.3171
414.0767	414.0767	16825.6121
414.0895	414.0895	27168.6884
414.2114	414.2114	9056.1783
414.2226	414.2226	11852.7782
414.2477	414.2477	27768.1099
415.0405	415.0405	4709.025
415.0642	415.0642	677185.3978
415.0767	415.0767	534008.6693
415.0977	415.0977	7952.3293
415.1701	415.1701	16066.8934
415.2065	415.2065	14434.7475
415.2316	415.2316	1453.4989
415.2430	415.2430	4794.8347
416.0242	416.0242	2111.0934
416.0482	416.0482	40329.9476
416.0677	416.0677	135856.8753
416.0721	416.0721	461657.9419
416.0846	416.0846	542922.9977
416.2019	416.2019	4103.5795
416.2269	416.2269	23500.3875
416.2384	416.2384	8572.1917
417.0197	417.0197	3956.5059
417.0319	417.0319	3786.981
417.0437	417.0437	2002.5107
417.0561	417.0561	8831.1042
417.0683	417.0683	7707.9991
417.0799	417.0799	409629.7315
417.0880	417.0880	120110.8059
417.0924	417.0924	191071.2164
417.1144	417.1144	12494.6479
417.2108	417.2108	3583.0698
417.2474	417.2474	14531.7204
418.0276	418.0276	2412.1042
418.0638	418.0638	51377.6949
418.0833	418.0833	86103.0364
418.0877	418.0877	170717.4972
418.1002	418.1002	180648.3718
418.1340	418.1340	7791.8936
418.1811	418.1811	5462.8476
418.2063	418.2063	10311.1031
418.2177	418.2177	3002.5908
418.2426	418.2426	21078.9186
419.0352	419.0352	18855.6217
419.0478	419.0478	2375.6101
419.0591	419.0591	6716.7232
419.0677	419.0677	2874.3008
419.0718	419.0718	12905.8171
419.0954	419.0954	159891.4177
419.1036	419.1036	30144.0721
419.1080	419.1080	41770.9922
419.1293	419.1293	2685.1557
419.1417	419.1417	3823.3148
419.2270	419.2270	1305.6394
419.2628	419.2628	3865.651
420.0429	420.0429	24624.4686
420.0673	420.0673	2597.3468
420.0795	420.0795	33964.6025
420.0989	420.0989	26641.4944
420.1033	420.1033	24314.8094
420.1113	420.1113	3438.6936
420.1159	420.1159	35318.7601
420.1495	420.1495	10045.5052
420.1643	420.1643	6735.3309
420.1854	420.1854	5148.1896
420.2219	420.2219	5806.4013
420.2582	420.2582	16668.0154
421.0297	421.0297	7875.3282
421.0424	421.0424	2245.9781
421.0507	421.0507	43103.013
421.0746	421.0746	2999.0624
421.0872	421.0872	3168.3955
421.1112	421.1112	25801.0848
421.1449	421.1449	5716.9402
422.0376	422.0376	216338.3988
422.0584	422.0584	61709.984
422.0952	422.0952	14051.0723
422.1316	422.1316	6618.5258
422.1652	422.1652	5765.0581
422.1800	422.1800	11629.6036
422.2011	422.2011	3260.0334
423.0329	423.0329	86619.164
423.0455	423.0455	350155.2785
423.0533	423.0533	61125.37
423.0661	423.0661	53108.3767
423.0905	423.0905	4093.8174
423.1607	423.1607	7859.8103
423.2004	423.2004	26815.8608
423.2692	423.2692	2520.7826
424.0408	424.0408	112472.1643
424.0532	424.0532	654096.4683
424.0739	424.0739	61491.7524
425.0485	425.0485	1146498.328
425.0611	425.0611	760023.1752
425.0817	425.0817	35308.938
425.1909	425.1909	4021.0302
425.2159	425.2159	14755.3308
426.0564	426.0564	792878.5081
426.0689	426.0689	831444.9891
426.0896	426.0896	26201.593
426.2226	426.2226	2484.7519
426.2477	426.2477	8721.6769
427.0406	427.0406	4590.2194
427.0642	427.0642	1698984.609
427.0768	427.0768	568987.5478
427.0975	427.0975	7393.736
427.1590	427.1590	2239.403
427.2066	427.2066	60099.7295
427.2431	427.2431	8281.9435
428.0483	428.0483	17091.6881
428.0678	428.0678	304121.686
428.0720	428.0720	1588281.261
428.0845	428.0845	541912.6707
428.0923	428.0923	25183.2665
428.1054	428.1054	6975.0818
428.1656	428.1656	7056.23
428.2018	428.2018	9949.5849
428.2268	428.2268	6780.8884
428.2381	428.2381	2565.9056
429.0432	429.0432	2254.3611
429.0561	429.0561	21679.5091
429.0756	429.0756	315338.0682
429.0799	429.0799	1336136.224
429.0923	429.0923	257409.5572
429.1001	429.1001	12329.5169
429.1492	429.1492	2686.6437
429.1864	429.1864	2598.0715
429.2223	429.2223	6949.0967
429.2474	429.2474	9189.5275
429.2586	429.2586	83675.0433
430.0276	430.0276	4118.8546
430.0511	430.0511	2943.9808
430.0640	430.0640	43287.7325
430.0833	430.0833	265615.1508
430.0877	430.0877	671280.538
430.1002	430.1002	233393.0525
430.1699	430.1699	7328.5303
430.1812	430.1812	11427.5992
430.2062	430.2062	9133.5125
430.2175	430.2175	8233.453
430.2427	430.2427	10176.0116
430.2617	430.2617	3211.7693
431.0353	431.0353	15748.7392
431.0481	431.0481	4517.642
431.0592	431.0592	15660.7125
431.0717	431.0717	9531.795
431.0911	431.0911	132766.8436
431.0955	431.0955	495067.5196
431.1294	431.1294	2849.8232
431.1652	431.1652	4890.2235
431.2380	431.2380	12985.7855
431.2631	431.2631	29688.4197
432.0431	432.0431	23263.3019
432.0673	432.0673	6522.0758
432.0795	432.0795	29847.9325
432.0990	432.0990	111887.1289
432.1034	432.1034	135266.4098
432.1159	432.1159	55503.7042
432.1497	432.1497	4063.5549
432.2219	432.2219	69078.0304
432.2334	432.2334	1908.0603
432.2583	432.2583	18608.1187
433.0299	433.0299	2645.8173
433.0508	433.0508	34153.4539
433.0748	433.0748	15612.3486
433.0875	433.0875	2491.3867
433.1111	433.1111	81165.7334
433.1821	433.1821	11569.612
434.0249	434.0249	3817.969
434.0377	434.0377	41029.4977
434.0457	434.0457	15898.0101
434.0585	434.0585	54571.1455
434.0952	434.0952	11351.4118
434.1144	434.1144	9029.2955
434.1190	434.1190	4249.8239
434.1316	434.1316	2333.8986
434.1651	434.1651	4909.7771
434.1799	434.1799	5355.6948
434.2376	434.2376	44087.5446
434.2739	434.2739	12585.1908
435.0329	435.0329	23284.0586
435.0455	435.0455	245938.7652
435.0663	435.0663	42435.1315
435.0905	435.0905	3988.9334
435.1605	435.1605	3264.407
435.2330	435.2330	2260.4972
436.0408	436.0408	377037.8713
436.0533	436.0533	454293.2622
436.0611	436.0611	131001.7782
436.0742	436.0742	65187.1112
436.1808	436.1808	2211.7749
436.1956	436.1956	9795.3709
436.2530	436.2530	2710.8635
437.0486	437.0486	444449.059
437.0612	437.0612	523181.2671
437.0690	437.0690	138680.0724
437.0818	437.0818	33505.9062
437.1766	437.1766	3399.0559
437.1910	437.1910	17111.4437
437.2160	437.2160	2275.4512
438.0564	438.0564	2664360.67
438.0687	438.0687	662878.0119
438.0766	438.0766	166677.4454
438.0896	438.0896	28219.1882
439.0642	439.0642	2805746.542
439.0765	439.0765	518203.434
439.0844	439.0844	198877.0178
439.0972	439.0972	16044.7534
439.2064	439.2064	2164.5709
439.2429	439.2429	7437.5035
440.0485	440.0485	14165.2671
440.0720	440.0720	3594272.239
440.0841	440.0841	496394.8985
440.0923	440.0923	126667.3938
440.2017	440.2017	9305.669
440.2270	440.2270	63909.9661
440.2633	440.2633	2657.9087
441.0434	441.0434	7013.987
441.0563	441.0563	13778.978
441.0631	441.0631	11860.1254
441.0758	441.0758	701075.2787
441.0798	441.0798	4162555.735
441.0921	441.0921	271476.5891
441.1000	441.1000	100504.6778
441.2110	441.2110	6759.2896
441.2222	441.2222	4536.8592
441.2301	441.2301	2364.0085
442.0513	442.0513	7149.7384
442.0641	442.0641	44675.817
442.0756	442.0756	68211.8061
442.0834	442.0834	832132.9873
442.0876	442.0876	2524840.891
442.0999	442.0999	231090.9835
442.1080	442.1080	31273.8767
442.1811	442.1811	3988.7736
442.2175	442.2175	15467.3308
442.2428	442.2428	12156.5174
442.2539	442.2539	4027.0916
442.2790	442.2790	2950.1742
443.0354	443.0354	18324.448
443.0478	443.0478	2492.2257
443.0591	443.0591	26100.2698
443.0719	443.0719	13874.6479
443.0913	443.0913	532239.5067
443.0955	443.0955	2081065.049
443.1078	443.1078	94103.3367
443.1157	443.1157	10214.7369
443.1299	443.1299	2561.1065
443.1765	443.1765	2793.1
443.2378	443.2378	3819.3313
443.3347	443.3347	3293.2598
444.0431	444.0431	21419.1184
444.0670	444.0670	18289.3121
444.0795	444.0795	31430.9126
444.0989	444.0989	424479.5241
444.1033	444.1033	807485.0513
444.1157	444.1157	61116.8987
444.1611	444.1611	2293.2475
444.1972	444.1972	1942.2969
444.2332	444.2332	8234.3583
444.2584	444.2584	12134.4326
445.0509	445.0509	33681.1419
445.0636	445.0636	2086.4479
445.0748	445.0748	42647.8013
445.0873	445.0873	3258.4953
445.1068	445.1068	174008.0954
445.1112	445.1112	493486.434
445.1820	445.1820	9982.7571
445.1922	445.1922	3706.9951
445.2172	445.2172	6201.9647
445.2647	445.2647	5700.6047
445.2784	445.2784	3441.634
446.0376	446.0376	23638.3807
446.0464	446.0464	3963.0956
446.0588	446.0588	41077.8172
446.0826	446.0826	7782.4185
446.0952	446.0952	14841.1602
446.1146	446.1146	115642.0834
446.1191	446.1191	85671.8904
446.1761	446.1761	13829.4191
446.2374	446.2374	16824.485
446.2738	446.2738	8988.5567
446.3103	446.3103	51938.547
447.0330	447.0330	34744.7896
447.0455	447.0455	86201.7886
447.0534	447.0534	72361.3374
447.0664	447.0664	31235.2141
447.0905	447.0905	17266.9214
447.1268	447.1268	17326.8513
447.1966	447.1966	4197.0996
447.2331	447.2331	4347.7295
447.2700	447.2700	2190.0978
447.2938	447.2938	3216.4241
448.0278	448.0278	1964.0987
448.0408	448.0408	84303.3554
448.0533	448.0533	199947.5722
448.0613	448.0613	62664.1649
448.0742	448.0742	34736.3484
448.1112	448.1112	2617.2424
448.1938	448.1938	4788.8146
448.2168	448.2168	11285.5625
448.2533	448.2533	12596.0607
448.2897	448.2897	5811.8558
449.0486	449.0486	1393347.537
449.0610	449.0610	328794.1952
449.0688	449.0688	236264.5243
449.0819	449.0819	22651.6781
449.2486	449.2486	15781.4223
449.2848	449.2848	3057.7817
450.0565	450.0565	1003834.785
450.0689	450.0689	367755.8023
450.0766	450.0766	243063.9627
450.0896	450.0896	22921.1408
450.2482	450.2482	2763.08
451.0643	451.0643	4916854.97
451.0764	451.0764	338733.6498
451.0843	451.0843	357174.1769
451.0978	451.0978	6272.5248
451.1923	451.1923	1938.5419
451.2643	451.2643	1966.658
451.3009	451.3009	1544.1467
452.0483	452.0483	4554.9222
452.0720	452.0720	4929961.831
452.0841	452.0841	328346.9544
452.0921	452.0921	299115.2606
452.1052	452.1052	5881.7302
452.1519	452.1519	6919.1118
452.2271	452.2271	2396.4733
453.0563	453.0563	6807.7232
453.0680	453.0680	112130.1279
453.0797	453.0797	7923942.625
453.0919	453.0919	213050.485
453.0998	453.0998	328092.8081
453.1857	453.1857	3392.8236
454.0274	454.0274	2056.1647
454.0516	454.0516	8738.3684
454.0641	454.0641	15751.9311
454.0876	454.0876	6238886.045
454.0998	454.0998	170798.7125
454.1079	454.1079	141302.3142
454.2176	454.2176	3829.0344
454.2288	454.2288	3617.3836
454.2423	454.2423	2127.4041
455.0355	455.0355	4604.0702
455.0593	455.0593	34158.5516
455.0716	455.0716	8860.108
455.0954	455.0954	6873216.245
455.1076	455.1076	79247.9736
455.1157	455.1157	132770.1929
455.2381	455.2381	11386.2562
456.0432	456.0432	18798.0198
456.0671	456.0671	44238.1503
456.0797	456.0797	30816.6741
456.0991	456.0991	1436696.314
456.1032	456.1032	2938775.178
456.1156	456.1156	59454.3155
456.1235	456.1235	31569.3538
456.1490	456.1490	2587.8472
456.1967	456.1967	5083.7389
456.2216	456.2216	2272.8368
456.2331	456.2331	5091.2437
456.2585	456.2585	4103.3457
456.2695	456.2695	15517.7005
457.0509	457.0509	26537.5317
457.0748	457.0748	79273.0497
457.0944	457.0944	36975.9197
457.1111	457.1111	2772516.084
457.1235	457.1235	8511.3343
457.1313	457.1313	13881.1518
457.2174	457.2174	1962.4337
457.2536	457.2536	17296.4527
457.2898	457.2898	5998.6371
458.0462	458.0462	10520.9818
458.0587	458.0587	34042.774
458.0781	458.0781	9815.8491
458.0827	458.0827	38639.4244
458.0957	458.0957	12979.4574
458.1145	458.1145	593089.2525
458.1189	458.1189	836784.6204
458.1313	458.1313	6589.9218
458.2124	458.2124	4777.5949
458.2374	458.2374	27220.4661
458.2489	458.2489	2075.5364
458.2739	458.2739	39936.3195
459.0455	459.0455	25784.6999
459.0539	459.0539	14226.3661
459.0665	459.0665	22438.4971
459.0905	459.0905	70085.1471
459.1224	459.1224	179984.2473
459.1269	459.1269	416728.98
459.1966	459.1966	5090.5896
459.2328	459.2328	7997.0087
459.2440	459.2440	14107.4189
459.2693	459.2693	3858.1083
460.0408	460.0408	122477.4019
460.0534	460.0534	105825.8188
460.0612	460.0612	123805.7629
460.0743	460.0743	31876.106
460.0938	460.0938	5124.5131
460.0985	460.0985	13070.1563
460.1109	460.1109	3311.4832
460.1303	460.1303	105802.8664
460.2165	460.2165	2542.6167
460.2281	460.2281	4152.4563
460.2533	460.2533	29233.1758
460.2895	460.2895	8309.461
461.0486	461.0486	214583.969
461.0611	461.0611	110915.3246
461.0690	461.0690	140304.3312
461.0821	461.0821	15025.5329
461.1063	461.1063	15880.8072
461.1381	461.1381	3276.7199
461.1425	461.1425	4985.1219
461.1761	461.1761	3906.0452
461.2120	461.2120	3771.559
461.2278	461.2278	2592.3072
461.2486	461.2486	26759.0322
462.0565	462.0565	2234148.902
462.0688	462.0688	194840.0855
462.0766	462.0766	253671.1517
462.0898	462.0898	10332.6788
462.2327	462.2327	3608.6869
462.2691	462.2691	5839.988
462.3054	462.3054	59093.9461
463.0643	463.0643	2521669.838
463.0844	463.0844	405781.6477
463.2642	463.2642	19865.5985
463.3087	463.3087	5124.479
464.0722	464.0722	5093356.217
464.0922	464.0922	414656.8263
464.2383	464.2383	7201.234
464.2480	464.2480	3678.0348
465.0435	465.0435	2116.0613
465.0799	465.0799	8499904.297
465.1000	465.1000	591013.8551
465.1860	465.1860	4017.2473
465.2433	465.2433	2664.157
466.0516	466.0516	7429.6865
466.0760	466.0760	300384.6302
466.0875	466.0875	8812575.287
466.1078	466.1078	327425.208
466.2177	466.2177	3132.6134
466.2540	466.2540	9659.4648
467.0357	467.0357	2024.6703
467.0481	467.0481	2336.9285
467.0596	467.0596	33222.8253
467.0954	467.0954	11998828.78
467.1155	467.1155	404429.5619
467.2746	467.2746	2347.0307
468.0434	468.0434	6798.6339
468.0673	468.0673	46027.5159
468.1030	468.1030	6318290.14
468.1235	468.1235	168794.5137
468.2218	468.2218	15811.0687
468.2330	468.2330	5960.0686
469.0510	469.0510	18123.4775
469.0750	469.0750	99872.8893
469.0943	469.0943	39389.5269
469.1109	469.1109	8892231.06
469.1313	469.1313	144025.1914
469.2058	469.2058	5162.6884
470.0461	470.0461	3694.0875
470.0588	470.0588	20381.4376
470.0828	470.0828	72393.2426
470.1187	470.1187	3412435.375
470.1393	470.1393	33970.9743
470.2121	470.2121	3106.6893
470.2488	470.2488	4295.341
471.0453	471.0453	2679.4952
471.0537	471.0537	19766.9193
471.0666	471.0666	16246.4206
471.0905	471.0905	125395.2878
471.1099	471.1099	44192.0758
471.1267	471.1267	3163779.408
471.2325	471.2325	3138.9761
471.2437	471.2437	3874.9529
472.0407	472.0407	4933.9251
472.0533	472.0533	27309.9075
472.0615	472.0615	26462.726
472.0744	472.0744	20058.2984
472.0937	472.0937	15899.3717
472.0984	472.0984	50725.5868
472.1303	472.1303	724279.2819
472.1346	472.1346	741855.8577
472.1916	472.1916	15729.4013
472.2280	472.2280	3380.4149
472.2533	472.2533	2070.3992
472.2896	472.2896	15425.5559
473.0485	473.0485	358271.2405
473.0613	473.0613	66213.9574
473.0690	473.0690	126478.9146
473.0824	473.0824	7827.409
473.1061	473.1061	89861.3581
473.1255	473.1255	11388.7546
473.1380	473.1380	210919.2466
473.1426	473.1426	120048.2543
473.1769	473.1769	8907.054
473.1868	473.1868	3157.2478
473.2486	473.2486	23885.4083
473.2597	473.2597	3552.0873
474.0440	474.0440	29584.6024
474.0565	474.0565	312562.0849
474.0689	474.0689	67262.5098
474.0769	474.0769	140218.0992
474.0899	474.0899	6419.4169
474.1093	474.1093	8332.1635
474.1140	474.1140	13776.4215
474.1336	474.1336	7673.1682
474.1459	474.1459	30264.0649
474.1505	474.1505	12315.8263
474.2324	474.2324	2010.1756
474.2689	474.2689	24184.9321
474.3052	474.3052	5451.3122
475.0643	475.0643	2529371.508
475.0845	475.0845	291958.8405
475.0978	475.0978	3460.827
475.1219	475.1219	9089.1785
475.2279	475.2279	2376.2117
475.2389	475.2389	7638.5515
475.2643	475.2643	19512.2884
476.0600	476.0600	189089.1861
476.0721	476.0721	2550859.822
476.0923	476.0923	287898.1623
476.2483	476.2483	3058.6125
476.2594	476.2594	2151.1826
476.2845	476.2845	6703.9609
476.3211	476.3211	2289.1358
477.0678	477.0678	198286.1553
477.0799	477.0799	5948032.21
477.1001	477.1001	470352.3812
477.2436	477.2436	7165.5996
477.2799	477.2799	11434.1302
478.0758	478.0758	335554.4545
478.0878	478.0878	5372460.606
478.1079	478.1079	360361.8381
479.0595	479.0595	15371.0233
479.0839	479.0839	310434.0367
479.0955	479.0955	9453945.378
479.1155	479.1155	607999.8796
479.2016	479.2016	47239.7553
479.2488	479.2488	2971.811
480.0432	480.0432	2135.3519
480.0672	480.0672	33193.6964
480.0918	480.0918	414498.5999
480.1030	480.1030	7740733.355
480.1235	480.1235	316409.3732
480.2584	480.2584	2195.728
481.0512	481.0512	5258.8989
481.0751	481.0751	86900.7972
481.1110	481.1110	12567152.59
481.1310	481.1310	438699.2121
481.2646	481.2646	18020.4294
482.0463	482.0463	6231.4557
482.0589	482.0589	14641.5211
482.0829	482.0829	65526.7859
482.1182	482.1182	7363299.031
482.1343	482.1343	51725.3791
482.1391	482.1391	155043.8251
482.2124	482.2124	5287.1556
482.2371	482.2371	2986.9475
483.0363	483.0363	2849.7542
483.0539	483.0539	4563.7139
483.0663	483.0663	8939.2398
483.0855	483.0855	2957.9534
483.0906	483.0906	149873.5812
483.1265	483.1265	9649595.822
483.1467	483.1467	157225.7373
483.2690	483.2690	75098.4236
484.0532	484.0532	5390.8976
484.0616	484.0616	36672.7133
484.0744	484.0744	10101.1007
484.0984	484.0984	87351.0469
484.1175	484.1175	23002.1737
484.1226	484.1226	104202.2226
484.1304	484.1304	1811096.569
484.1343	484.1343	2946492.52
484.1501	484.1501	27518.2213
484.1799	484.1799	8766.9506
484.2275	484.2275	5278.3763
484.2647	484.2647	5553.7575
484.2723	484.2723	4328.4227
485.0486	485.0486	19206.842
485.0609	485.0609	9179.2378
485.0694	485.0694	32952.45
485.0821	485.0821	6923.65
485.1061	485.1061	161964.7125
485.1257	485.1257	46217.2479
485.1422	485.1422	3518644.813
485.2229	485.2229	6763.8649
485.2482	485.2482	2822.3747
485.2594	485.2594	9326.1474
485.2845	485.2845	8127.5138
486.0562	486.0562	494809.6592
486.0690	486.0690	37169.5732
486.0769	486.0769	99712.1041
486.0898	486.0898	7966.4191
486.1092	486.1092	21112.6565
486.1140	486.1140	58206.6559
486.1458	486.1458	1054727.037
486.2323	486.2323	46778.7234
486.2437	486.2437	6036.4146
486.2689	486.2689	1964.0776
487.0518	487.0518	74398.8955
487.0642	487.0642	451181.1649
487.0847	487.0847	125940.2234
487.0974	487.0974	3505.7061
487.1218	487.1218	90502.1167
487.1491	487.1491	103560.9434
487.1582	487.1582	92388.0968
487.2640	487.2640	2315.512
488.0597	488.0597	75844.5559
488.0719	488.0719	1549085.829
488.0924	488.0924	135043.3792
488.1249	488.1249	10081.8191
488.1296	488.1296	13111.8318
488.1615	488.1615	16667.3005
488.2594	488.2594	2681.2146
488.2844	488.2844	4422.1062
489.0676	489.0676	184861.521
489.0798	489.0798	2184216.638
489.1001	489.1001	217097.2582
489.1378	489.1378	2179.3205
489.2433	489.2433	24484.9415
489.2797	489.2797	7196.4289
490.0754	490.0754	284971.4157
490.0877	490.0877	2408588.776
490.1080	490.1080	146999.8175
490.2037	490.2037	17440.8561
491.0593	491.0593	7345.6013
491.0835	491.0835	265706.7082
491.0954	491.0954	4414266.14
491.1157	491.1157	312319.683
491.2013	491.2013	7832.9671
491.2590	491.2590	35604.9498
491.3317	491.3317	13426.4179
492.0671	492.0671	10497.3426
492.0911	492.0911	425694.0158
492.1033	492.1033	2644909.7
492.1237	492.1237	155489.3767
493.0750	493.0750	52729.5664
493.0991	493.0991	263779.7626
493.1111	493.1111	6020187.658
493.1312	493.1312	394136.5234
493.2534	493.2534	3640.721
493.2749	493.2749	4210.5986
493.3111	493.3111	5800.1231
494.0464	494.0464	2503.3133
494.0829	494.0829	47264.4326
494.1018	494.1018	29063.3062
494.1069	494.1069	434706.3319
494.1188	494.1188	2921390.215
494.1392	494.1392	212159.6051
494.2375	494.2375	20859.5008
494.2742	494.2742	4247.0828
495.0539	495.0539	5262.3601
495.0670	495.0670	3329.1086
495.0783	495.0783	2764.2062
495.0907	495.0907	106456.7982
495.1267	495.1267	7959586.396
495.1468	495.1468	477761.6087
495.2327	495.2327	2281.376
495.2699	495.2699	748.5159
496.0620	496.0620	16809.6386
496.0743	496.0743	5567.3335
496.0858	496.0858	4494.7125
496.0986	496.0986	54941.5636
496.1229	496.1229	284387.0075
496.1343	496.1343	4328566.513
496.1547	496.1547	327242.7028
496.2279	496.2279	6480.0418
496.2531	496.2531	7142.4504
496.2895	496.2895	7611.2404
497.0484	497.0484	26958.2946
497.0695	497.0695	35536.608
497.0823	497.0823	3737.9688
497.0942	497.0942	2573.8542
497.1063	497.1063	137980.4044
497.1423	497.1423	9803017.35
497.1580	497.1580	18226.9358
498.0440	498.0440	2597.2135
498.0565	498.0565	23373.5056
498.0689	498.0689	6974.8338
498.0773	498.0773	36619.9272
498.0901	498.0901	2978.6082
498.1015	498.1015	5749.5662
498.1093	498.1093	10485.0407
498.1141	498.1141	56268.8651
498.1498	498.1498	7054306.36
498.2437	498.2437	4077.6023
498.2800	498.2800	3478.918
499.0640	499.0640	440188.0623
499.0766	499.0766	11629.3305
499.0848	499.0848	70944.9667
499.1216	499.1216	167100.1655
499.1535	499.1535	2146402.081
499.2393	499.2393	2250.2932
499.2638	499.2638	14095.4214
500.0595	500.0595	88480.9318
500.0670	500.0670	56194.5296
500.0720	500.0720	340297.9732
500.0928	500.0928	61515.5949
500.1051	500.1051	2124.8062
500.1246	500.1246	16671.5684
500.1296	500.1296	66872.3988
500.1568	500.1568	212494.8973
500.1659	500.1659	138567.039
500.2235	500.2235	2736.4406
500.2595	500.2595	2332.6725
500.2839	500.2839	2724.3381
500.3209	500.3209	11468.7902
500.3552	500.3552	5465.0959
501.0674	501.0674	83233.3834
501.0797	501.0797	900359.2237
501.1005	501.1005	94530.1316
501.1374	501.1374	95479.7342
501.1691	501.1691	24747.8582
501.1739	501.1739	17535.6171
501.1831	501.1831	18424.2504
501.2433	501.2433	1997.484
501.2545	501.2545	8450.498
501.2803	501.2803	2782.0864
501.3161	501.3161	2687.0596
501.3273	501.3273	8803.8492
502.0752	502.0752	176738.1539
502.0876	502.0876	849639.8413
502.1083	502.1083	73650.0811
502.1408	502.1408	13238.4427
502.3002	502.3002	2279.1964
503.0706	503.0706	7697.868
503.0830	503.0830	188067.1486
503.0953	503.0953	1360267.437
503.1160	503.1160	103764.6147
503.1975	503.1975	2992.2521
503.2590	503.2590	12334.8991
503.2954	503.2954	12462.3441
504.0670	504.0670	5166.6029
504.0788	504.0788	11852.6104
504.0908	504.0908	301561.1664
504.1033	504.1033	915163.1323
504.1240	504.1240	47620.5757
505.0747	505.0747	13332.5005
505.0865	505.0865	19610.7525
505.0988	505.0988	191638.5419
505.1110	505.1110	1647523.659
505.1316	505.1316	89216.9958
505.2173	505.2173	3879.4945
505.3110	505.3110	3446.7479
506.0827	506.0827	27493.8188
506.0947	506.0947	18633.0933
506.1064	506.1064	395098.4201
506.1144	506.1144	265954.682
506.1191	506.1191	724702.2927
506.1265	506.1265	11958.7407
506.1396	506.1396	12638.2257
506.1621	506.1621	2252.772
506.2707	506.2707	2978.6902
507.0906	507.0906	76401.5048
507.1021	507.1021	24026.0985
507.1144	507.1144	172665.9653
507.1267	507.1267	1707891.413
507.1473	507.1473	61896.5969
507.2440	507.2440	3231.5437
508.0619	508.0619	10004.9445
508.0860	508.0860	4668.6656
508.0933	508.0933	4978.6993
508.0986	508.0986	43285.5255
508.1108	508.1108	8627.9883
508.1222	508.1222	342862.9857
508.1299	508.1299	343545.6874
508.1349	508.1349	498660.8024
508.1551	508.1551	7646.0936
508.2393	508.2393	4044.1977
509.0698	509.0698	10323.798
509.1062	509.1062	107885.6634
509.1180	509.1180	16261.752
509.1253	509.1253	64099.8095
509.1302	509.1302	86914.9654
509.1424	509.1424	1415369.98
509.1630	509.1630	54148.1337
509.2486	509.2486	9665.9553
509.2599	509.2599	3698.1518
510.0564	510.0564	77244.0161
510.0774	510.0774	31854.1927
510.1014	510.1014	7842.2007
510.1092	510.1092	10031.4141
510.1141	510.1141	37541.7345
510.1379	510.1379	162145.0257
510.1455	510.1455	283564.4901
510.1507	510.1507	396593.5755
510.1657	510.1657	3415.2852
510.2800	510.2800	10977.273
511.0515	511.0515	4446.1031
511.0642	511.0642	45442.9416
511.0852	511.0852	47464.5742
511.1219	511.1219	87264.2083
511.1581	511.1581	1321588.333
511.1786	511.1786	3650.4673
511.2390	511.2390	6770.4563
511.2635	511.2635	3347.2887
511.2758	511.2758	1803.9245
512.0720	512.0720	302335.4882
512.0930	512.0930	58597.9967
512.1172	512.1172	5635.8671
512.1298	512.1298	30779.6495
512.1613	512.1613	336909.6623
512.2231	512.2231	3222.3856
512.2959	512.2959	6966.6832
513.0675	513.0675	65372.8783
513.0799	513.0799	304899.1368
513.1008	513.1008	76949.9018
513.1374	513.1374	65380.0107
513.1738	513.1738	336624.1653
513.2186	513.2186	4022.1773
513.2549	513.2549	6383.5325
513.2798	513.2798	6893.6344
513.3162	513.3162	2756.2723
514.0631	514.0631	2309.8353
514.0753	514.0753	99551.2037
514.0876	514.0876	411674.6578
514.1088	514.1088	71214.5009
514.1405	514.1405	6036.5445
514.1454	514.1454	10795.1418
514.1772	514.1772	85254.1311
514.2384	514.2384	2781.923
515.0708	515.0708	6308.7185
515.0832	515.0832	105105.9249
515.0955	515.0955	570886.7069
515.1165	515.1165	97164.2085
515.1531	515.1531	5651.7143
515.1898	515.1898	5959.7269
515.2587	515.2587	1998.5376
515.2956	515.2956	4412.0469
516.0787	516.0787	6929.1999
516.0909	516.0909	184188.9837
516.1036	516.1036	366258.4086
516.1244	516.1244	87141.1232
516.2185	516.2185	4774.5616
516.2548	516.2548	2338.5844
516.3157	516.3157	5511.981
517.0751	517.0751	4607.9527
517.0865	517.0865	19697.609
517.0988	517.0988	120853.1801
517.1111	517.1111	633642.357
517.1322	517.1322	123337.3637
517.2746	517.2746	8837.4247
517.3113	517.3113	7872.4266
517.3475	517.3475	10249.9711
518.0825	518.0825	9039.5903
518.0943	518.0943	16372.4403
518.1065	518.1065	233506.3092
518.1192	518.1192	273567.1303
518.1403	518.1403	52204.0468
518.2705	518.2705	4113.723
519.0906	519.0906	24463.9649
519.1018	519.1018	27419.6813
519.1095	519.1095	32543.1759
519.1145	519.1145	100935.2072
519.1268	519.1268	526009.2277
519.2331	519.2331	2098.5554
519.2540	519.2540	2965.0481
519.2903	519.2903	7038.2665
519.3267	519.3267	10453.0065
520.0986	520.0986	13369.8449
520.1100	520.1100	11690.852
520.1221	520.1221	238100.7198
520.1349	520.1349	166785.3392
521.0693	521.0693	5267.8573
521.1063	521.1063	46792.9247
521.1177	521.1177	17864.2014
521.1303	521.1303	67689.437
521.1425	521.1425	389062.5747
521.2703	521.2703	3013.344
522.0775	522.0775	8395.2611
522.1014	522.1014	4663.5581
522.1142	522.1142	18229.0162
522.1378	522.1378	165590.6921
522.2440	522.2440	2279.2865
523.0643	523.0643	92891.5464
523.0852	523.0852	23822.738
523.1219	523.1219	57125.4305
523.1408	523.1408	25635.0052
523.1460	523.1460	38503.6727
523.1582	523.1582	209460.7664
524.0597	524.0597	14665.6935
524.0722	524.0722	41740.5736
524.0932	524.0932	26599.2885
524.1173	524.1173	6782.3804
524.1298	524.1298	25120.8033
524.1536	524.1536	57477.6089
524.1663	524.1663	69863.6089
524.2602	524.2602	1939.6531
524.2842	524.2842	2258.0297
525.0674	525.0674	9136.7319
525.0799	525.0799	210378.2506
525.1010	525.1010	59628.9185
525.1375	525.1375	61503.9987
525.1739	525.1739	133175.6589
525.2413	525.2413	5357.7117
526.0753	526.0753	54231.0374
526.0879	526.0879	180771.7413
526.1089	526.1089	59703.4567
526.1455	526.1455	59771.0077
526.1692	526.1692	14246.9965
526.1819	526.1819	34615.9636
527.0832	527.0832	61650.6516
527.0956	527.0956	296054.9705
527.1167	527.1167	145756.8448
527.1370	527.1370	4693.581
527.1532	527.1532	17195.9112
527.1899	527.1899	22293.4199
527.3068	527.3068	3554.7899
528.0787	528.0787	4308.9097
528.0909	528.0909	99688.515
528.1036	528.1036	217647.2797
528.1245	528.1245	176582.2146
528.1928	528.1928	2014.1024
528.2906	528.2906	6399.7522
528.3271	528.3271	25944.5711
529.0863	529.0863	15643.948
529.0989	529.0989	77314.6712
529.1112	529.1112	325663.2212
529.1323	529.1323	257234.325
529.1522	529.1522	5427.8413
529.2497	529.2497	7180.8225
529.2744	529.2744	2189.586
529.3112	529.3112	5643.2619
530.0943	530.0943	13035.9305
530.1066	530.1066	122155.624
530.1193	530.1193	151947.1051
530.1403	530.1403	218127.6701
530.2348	530.2348	2778.1956
530.3067	530.3067	3713.5596
531.0909	531.0909	5704.299
531.1020	531.1020	39013.1311
531.1146	531.1146	58211.0702
531.1270	531.1270	270384.0004
531.1480	531.1480	371374.7477
531.2654	531.2654	5602.8251
531.2906	531.2906	6990.8309
532.0984	532.0984	6001.7717
532.1099	532.1099	19864.2389
532.1222	532.1222	124988.6318
532.1350	532.1350	81494.9224
532.1514	532.1514	88022.0842
533.1063	533.1063	15670.7273
533.1176	533.1176	43858.7143
533.1303	533.1303	24451.4848
533.1426	533.1426	165230.3361
533.2478	533.2478	3216.4316
533.2697	533.2697	2615.0669
533.3062	533.3062	5647.4204
534.0773	534.0773	3891.9512
534.1014	534.1014	2230.7917
534.1142	534.1142	2816.9569
534.1380	534.1380	83054.501
534.2651	534.2651	3250.77
534.3017	534.3017	5324.5347
535.0642	535.0642	2699.9745
535.0854	535.0854	3058.3445
535.1219	535.1219	19788.6825
535.1332	535.1332	16943.1008
535.1583	535.1583	97377.5655
535.2644	535.2644	2076.8489
535.3118	535.3118	3900.142
536.0723	536.0723	64491.5155
536.0933	536.0933	7681.8228
536.1299	536.1299	3571.7847
536.1536	536.1536	53735.8758
536.2596	536.2596	28033.439
537.0675	537.0675	9564.6441
537.0801	537.0801	66782.2899
537.1010	537.1010	18205.8295
537.1375	537.1375	22478.9763
537.1739	537.1739	45522.873
538.0754	538.0754	12330.4437
538.0878	538.0878	113125.0436
538.1088	538.1088	22658.7231
538.1457	538.1457	2961.7114
538.1691	538.1691	8310.1708
539.0833	539.0833	24501.7004
539.0957	539.0957	171484.3477
539.1167	539.1167	64762.4253
539.1370	539.1370	4913.0984
539.1532	539.1532	126373.0679
539.1895	539.1895	9504.5141
539.2582	539.2582	2070.2434
540.0911	540.0911	57974.5774
540.1036	540.1036	131885.7982
540.1245	540.1245	86149.7687
540.1456	540.1456	3488.9449
540.1565	540.1565	25506.6302
540.2179	540.2179	3689.3042
541.0869	541.0869	5593.2983
541.0990	541.0990	40804.2759
541.1114	541.1114	206533.1448
541.1324	541.1324	298351.4082
541.1526	541.1526	43344.6583
541.2749	541.2749	4317.8816
541.3114	541.3114	21441.0779
542.0941	542.0941	6727.9881
542.1067	542.1067	71257.2037
542.1194	542.1194	103863.853
542.1404	542.1404	337907.0505
542.1606	542.1606	30489.3024
542.2694	542.2694	1978.2385
542.3064	542.3064	2145.6941
543.0907	543.0907	2995.0763
543.1020	543.1020	23032.7292
543.1146	543.1146	34428.2472
543.1270	543.1270	167661.939
543.1481	543.1481	1110992.184
543.2293	543.2293	2254.5936
543.2540	543.2540	130860.0316
543.2902	543.2902	2296.232
543.3266	543.3266	2974.4785
544.1098	544.1098	13474.5769
544.1224	544.1224	65677.3863
544.1351	544.1351	62169.7678
544.1559	544.1559	1010943.153
544.2576	544.2576	13319.9863
544.2864	544.2864	2394.9301
545.1063	545.1063	7147.253
545.1175	545.1175	32844.7153
545.1286	545.1286	24380.2514
545.1427	545.1427	103873.3497
545.1590	545.1590	235204.9235
545.3059	545.3059	6691.8975
545.3427	545.3427	3356.3885
546.1007	546.1007	1950.5398
546.1256	546.1256	9116.2618
546.1379	546.1379	48432.9421
546.1455	546.1455	12900.9796
546.1506	546.1506	13637.8373
546.1620	546.1620	11609.3696
546.1718	546.1718	27274.0496
546.2653	546.2653	2261.3737
546.3014	546.3014	2907.832
547.0643	547.0643	4621.8045
547.1221	547.1221	5185.4076
547.1332	547.1332	31285.7424
547.1437	547.1437	16965.3306
547.1583	547.1583	38702.3106
548.1410	548.1410	6288.9868
548.1536	548.1536	19339.129
548.3174	548.3174	5060.3419
549.0801	549.0801	57921.1436
549.1014	549.1014	3481.3407
549.1378	549.1378	2398.525
549.1489	549.1489	5904.8149
549.1734	549.1734	12693.0236
549.2914	549.2914	14295.9244
549.3370	549.3370	2505.6498
550.0752	550.0752	8966.4106
550.0880	550.0880	35942.8543
550.1694	550.1694	6180.4131
550.2391	550.2391	2763.6793
550.2749	550.2749	2373.6492
551.0833	551.0833	11930.2345
551.0958	551.0958	85644.6685
551.1167	551.1167	14730.7273
551.1532	551.1532	2049.0305
551.1895	551.1895	3464.8034
551.2592	551.2592	5031.2319
551.2958	551.2958	2010.9139
552.0909	552.0909	21928.0362
552.1037	552.1037	75182.1956
552.1245	552.1245	10406.9559
553.0990	553.0990	28058.4984
553.1115	553.1115	108087.5303
553.1325	553.1325	71163.2076
553.1528	553.1528	3280.4595
553.1687	553.1687	6898.5489
553.2233	553.2233	8434.401
553.2746	553.2746	2953.4385
553.2859	553.2859	5500.812
554.1067	554.1067	43812.3496
554.1194	554.1194	63457.0875
554.1403	554.1403	107314.1974
554.1610	554.1610	2085.5544
555.1019	555.1019	7787.6732
555.1142	555.1142	23246.5246
555.1271	555.1271	116212.9995
555.1481	555.1481	336839.7534
555.1683	555.1683	542420.827
555.3017	555.3017	2733.903
555.3381	555.3381	6798.8063
556.1091	556.1091	2204.5545
556.1222	556.1222	37549.9857
556.1351	556.1351	38472.1164
556.1561	556.1561	347283.8905
556.1716	556.1716	167394.0099
556.3220	556.3220	3192.6136
557.1176	557.1176	10339.7692
557.1431	557.1431	39826.8116
557.1637	557.1637	10469293.63
557.2445	557.2445	4491.2991
557.3060	557.3060	1940.8195
557.3170	557.3170	1942.4111
557.3426	557.3426	3006.8818
558.1138	558.1138	2134.1404
558.1255	558.1255	5136.1911
558.1377	558.1377	23708.3195
558.1669	558.1669	3371642.825
558.2761	558.2761	5544.5458
558.3016	558.3016	3446.6049
558.3483	558.3483	2810.8425
559.1220	559.1220	5847.6384
559.1332	559.1332	18019.6404
559.1429	559.1429	45866.6002
559.1583	559.1583	22340.6654
559.1703	559.1703	431220.0969
559.1794	559.1794	146018.1309
560.0720	560.0720	5544.7685
560.1517	560.1517	29990.6164
560.1735	560.1735	34450.7334
560.1825	560.1825	43503.8124
560.2804	560.2804	6208.4559
561.0794	561.0794	2680.5043
561.1377	561.1377	2821.6376
561.1486	561.1486	9615.393
561.1737	561.1737	9468.4843
562.0878	562.0878	26681.3858
562.1314	562.1314	2854.4039
562.1691	562.1691	3044.1936
562.2959	562.2959	2788.6578
562.3326	562.3326	5481.025
562.3690	562.3690	8303.1528
563.0828	563.0828	3992.5779
563.0957	563.0957	28376.5648
563.1160	563.1160	2683.6513
563.3067	563.3067	6026.3306
564.0909	564.0909	16298.774
564.1036	564.1036	30625.8105
564.2907	564.2907	3621.8068
564.3162	564.3162	3230.5387
564.3483	564.3483	7598.7738
565.0990	565.0990	15500.1498
565.1114	565.1114	56030.34
565.1319	565.1319	7381.2438
565.2360	565.2360	49172.4692
566.1065	566.1065	27758.6324
566.1192	566.1192	33394.9464
566.1405	566.1405	10602.7159
566.2396	566.2396	2403.0708
566.3428	566.3428	1134.4189
567.1144	567.1144	16897.244
567.1270	567.1270	58896.5077
567.1479	567.1479	57918.7688
567.3016	567.3016	2469.5321
568.1222	568.1222	32188.5974
568.1349	568.1349	17896.8794
568.1432	568.1432	9286.6522
568.1558	568.1558	38371.9719
568.2973	568.2973	3075.7501
568.3215	568.3215	2089.1676
569.1175	569.1175	5937.346
569.1296	569.1296	14715.2124
569.1428	569.1428	43044.0688
569.1509	569.1509	7694.2724
569.1637	569.1637	129880.0297
569.3063	569.3063	7216.027
570.1377	570.1377	18667.6047
570.1717	570.1717	196853.3327
570.2763	570.2763	1909.432
570.3125	570.3125	6848.7272
571.1220	571.1220	2926.6358
571.1328	571.1328	4273.1417
571.1423	571.1423	10759.6789
571.1583	571.1583	20709.7452
571.1795	571.1795	183046.341
571.3581	571.3581	2161.8902
572.1525	572.1525	7577.6164
572.1875	572.1875	100676.2839
572.2558	572.2558	3142.3048
573.0799	573.0799	2642.3309
573.1490	573.1490	3490.0011
573.1586	573.1586	50052.0783
573.1739	573.1739	9912.8979
573.1899	573.1899	8410.4197
573.1953	573.1953	22827.4786
573.3374	573.3374	3696.2369
573.3486	573.3486	2225.2231
574.1622	574.1622	3985.8923
574.1981	574.1981	6168.9814
574.2712	574.2712	1008.4995
574.2959	574.2959	2512.7702
574.3328	574.3328	4165.2693
575.0955	575.0955	9637.1174
575.1381	575.1381	2397.6347
575.4130	575.4130	2035.4226
576.0909	576.0909	5735.5205
576.1032	576.1032	11820.0031
576.1456	576.1456	2679.871
577.0988	577.0988	6420.9855
577.1115	577.1115	19801.0434
578.1066	578.1066	12870.0094
578.1192	578.1192	14052.4256
579.1144	579.1144	8884.7133
579.1270	579.1270	23871.2873
579.1467	579.1467	19201.2746
579.3377	579.3377	3182.8909
580.1220	580.1220	23927.0977
580.1346	580.1346	7145.7339
581.1298	581.1298	10170.5835
581.1429	581.1429	13738.5231
581.1637	581.1637	24389.2785
581.2184	581.2184	2692.7056
581.2803	581.2803	2890.9074
581.3178	581.3178	2472.2146
582.1381	582.1381	18836.9878
582.1588	582.1588	4709.2039
582.1690	582.1690	2231.4779
582.3238	582.3238	2312.6312
582.3376	582.3376	13733.2104
583.1326	583.1326	2484.1088
583.1432	583.1432	6001.9074
583.1583	583.1583	7648.3046
583.1794	583.1794	31613.4792
583.3693	583.3693	4953.449
584.1530	584.1530	9549.6964
584.1744	584.1744	2249.5741
584.1866	584.1866	3303.3951
585.1837	585.1837	2192.6362
585.1949	585.1949	14150.8446
585.3125	585.3125	1946.9372
586.1302	586.1302	2625.9114
586.1687	586.1687	3165.8615
586.2712	586.2712	3637.3114
586.3327	586.3327	31996.6613
587.1385	587.1385	2218.1044
587.1902	587.1902	3373.0074
588.1460	588.1460	4069.6828
588.3120	588.3120	4846.5634
588.3481	588.3481	2588.5537
588.3849	588.3849	2151.9961
589.0991	589.0991	4052.8176
589.1114	589.1114	9432.675
589.1276	589.1276	111050.3864
589.1536	589.1536	29558.4373
589.2838	589.2838	5563.742
590.1064	590.1064	5620.3352
590.1309	590.1309	16237.5997
590.1615	590.1615	64442.5895
590.2701	590.2701	4532.6011
590.3639	590.3639	2034.3547
591.1270	591.1270	9448.8873
592.1222	592.1222	9732.2887
593.1297	593.1297	6772.599
593.1427	593.1427	6517.5679
593.1617	593.1617	12964.2432
594.1383	594.1383	10037.4652
594.1692	594.1692	16899.4435
594.3014	594.3014	2266.7362
594.3491	594.3491	5039.1702
595.1781	595.1781	12037.2992
595.3209	595.3209	10132.1868
596.1537	596.1537	6921.3129
596.2919	596.2919	4183.7277
596.3276	596.3276	2961.4549
597.1585	597.1585	3537.2777
597.1947	597.1947	2393.36
597.2651	597.2651	5553.0006
597.3125	597.3125	1223.6318
598.1667	598.1667	25821.1903
598.3076	598.3076	7020.0107
599.1382	599.1382	2015.3751
599.2572	599.2572	2060.001
599.3285	599.3285	2774.3724
599.3648	599.3648	2228.8861
600.1458	600.1458	16880.6281
601.1277	601.1277	35968.2258
601.1536	601.1536	62443.2528
602.1062	602.1062	3439.7976
602.1615	602.1615	154970.3943
602.3276	602.3276	12244.3614
603.1270	603.1270	2152.9424
603.1430	603.1430	5318.5748
603.1694	603.1694	181267.2525
603.3232	603.3232	2957.2108
604.1217	604.1217	4226.3765
604.1727	604.1727	38182.438
604.3436	604.3436	2472.3841
605.1303	605.1303	3339.2105
606.1385	606.1385	3781.8394
607.2966	607.2966	4332.9919
609.3121	609.3121	3486.5354
609.3488	609.3488	4019.7192
609.3736	609.3736	4869.0321
612.1798	612.1798	3150.9441
612.2864	612.2864	4117.9448
612.3483	612.3483	2085.5193
613.1539	613.1539	9635.9432
613.1733	613.1733	1999.6962
613.4398	613.4398	10894.0898
614.1614	614.1614	21242.7389
614.1817	614.1817	190179.3605
614.3130	614.3130	1921.8178
614.3275	614.3275	5408.827
615.1433	615.1433	83239.32
615.1693	615.1693	195682.4633
615.1849	615.1849	44046.1181
616.1468	616.1468	14949.2063
616.1771	616.1771	3838479.905
616.3802	616.3802	2308.5836
617.1593	617.1593	17607.04
617.1802	617.1802	1243381.465
617.1802	617.1802	1243381.465
618.1570	618.1570	6767.1342
618.1834	618.1834	155261.426
618.1927	618.1927	39577.7957
618.3378	618.3378	2387.4332
619.1643	619.1643	14207.4718
619.1871	619.1871	9191.5981
619.2002	619.2002	20648.2322
619.2466	619.2466	2971.8099
619.3546	619.3546	3647.883
620.1676	620.1676	3096.9603
620.2048	620.2048	4216.2214
620.3281	620.3281	2375.566
621.3011	621.3011	4722.4973
624.3228	624.3228	3527.3578
624.3479	624.3479	2165.4782
626.2658	626.2658	2130.8693
626.3024	626.3024	4738.7489
627.1692	627.1692	8831.5876
627.3594	627.3594	1914.9887
628.1774	628.1774	3791.3573
628.3186	628.3186	3114.752
628.3789	628.3789	2663.7071
629.1849	629.1849	74302.9551
629.3028	629.3028	2303.0844
630.1914	630.1914	14661.6338
631.2007	631.2007	12107.6064
631.3542	631.3542	1999.9537
632.1720	632.1720	14892.198
632.3159	632.3159	2132.5764
634.1255	634.1255	4498.896
634.1878	634.1878	2676.426
635.3278	635.3278	2285.1958
635.4217	635.4217	2654.8966
639.1669	639.1669	175424.1284
640.1701	640.1701	37830.8249
640.3436	640.3436	3873.3962
641.1842	641.1842	3237.5688
641.4109	641.4109	4112.8757
643.1383	643.1383	62258.9409
643.2010	643.2010	2874.1397
644.1413	644.1413	7844.1536
645.3348	645.3348	852.8198
645.4062	645.4062	2401.9761
646.3908	646.3908	2067.0058
647.2922	647.2922	2941.9684
647.3495	647.3495	2652.5076
649.3434	649.3434	7929.3673
653.3387	653.3387	2395.0687
656.1697	656.1697	26836.5914
657.1729	657.1729	2346.8291
661.1488	661.1488	285854.9891
661.3059	661.3059	2013.0669
661.3437	661.3437	7028.1872
662.1522	662.1522	95939.9421
662.3749	662.3749	3284.6225
663.1553	663.1553	4825.582
663.1647	663.1647	3325.1045
663.3592	663.3592	3360.8132
667.3663	667.3663	2177.4894
670.3294	670.3294	1277.3465
671.3242	671.3242	2062.0133
673.3641	673.3641	2155.2736
673.4007	673.4007	3198.4848
674.3242	674.3242	1901.9576
674.3858	674.3858	2210.1024
675.3214	675.3214	2449.0405
675.3808	675.3808	2488.1638
675.4168	675.4168	2347.3051
676.2681	676.2681	127415.8559
677.2718	677.2718	16749.8832
677.3391	677.3391	4040.176
678.1516	678.1516	10335.9501
679.1552	679.1552	2179.9815
681.1357	681.1357	1909.6258
681.3802	681.3802	3749.7892
683.1308	683.1308	231545.5442
684.1342	684.1342	62484.1046
685.1461	685.1461	3311.2934
687.3191	687.3191	8099.2396
687.3555	687.3555	1283.3274
687.3808	687.3808	2113.1633
692.3499	692.3499	2256.6504
693.4172	693.4172	4236.6398
694.3652	694.3652	9971.6786
694.5836	694.5836	1915.5799
697.4012	697.4012	9246.3134
698.2502	698.2502	157643.8769
698.4065	698.4065	1243.3734
699.2535	699.2535	32729.0749
702.3554	702.3554	1859.7896
703.3542	703.3542	2309.8306
704.3498	704.3498	2108.9717
707.4326	707.4326	2313.5314
709.3761	709.3761	1621.674
711.3197	711.3197	1907.1473
711.4640	711.4640	2887.1756
713.3590	713.3590	2199.9404
714.4280	714.4280	2492.4912
720.3805	720.3805	4584.0746
721.3858	721.3858	1991.7148
722.3239	722.3239	4073.2191
723.3809	723.3809	1180.2385
723.3905	723.3905	1449.5206
726.4016	726.4016	1377.3626
732.3431	732.3431	1957.1878
732.3811	732.3811	2316.128
732.4383	732.4383	4027.9854
734.3957	734.3957	2146.0449
738.4153	738.4153	2378.7431
740.4445	740.4445	1974.0727
741.3295	741.3295	3379.3036
744.3760	744.3760	2155.2596
744.4395	744.4395	1967.8314
746.3598	746.3598	2381.6423
751.4120	751.4120	3101.4544
756.4858	756.4858	2110.9898
776.4284	776.4284	2299.2315
777.3916	777.3916	6433.0818
778.4702	778.4702	11418.1234
782.6355	782.6355	1902.6928
788.4060	788.4060	1906.1127
798.4495	798.4495	2424.6838
799.3733	799.3733	4423.8889
800.3918	800.3918	2563.6141
805.3973	805.3973	5174.123
816.3997	816.3997	2388.097
817.3837	817.3837	3420.8764
818.4402	818.4402	1742.489
819.4110	819.4110	2018.7698
826.4446	826.4446	2136.1677
827.3793	827.3793	43180.0461
828.3828	828.3828	7385.8633
831.4116	831.4116	2611.1896
832.4809	832.4809	4615.2749
835.4079	835.4079	4668.8025
862.4549	862.4549	9419.0803
863.4581	863.4581	2337.7759
865.5033	865.5033	4747.1251
869.4983	869.4983	3007.0102
875.5104	875.5104	2068.538
880.4297	880.4297	4022.1043
895.4362	895.4362	2016.6303
897.4489	897.4489	2011.1823
899.4711	899.4711	1624.6538
903.4809	903.4809	2733.8033
910.5241	910.5241	1869.603
915.4949	915.4949	1414.9816
920.4375	920.4375	2380.6445
928.4276	928.4276	2099.5726
963.4545	963.4545	2906.9088
970.5111	970.5111	3126.1742
977.4463	977.4463	1936.6678
982.4009	982.4009	25755.683
983.4039	983.4039	3015.9125
1004.3831	1004.3831	44214.9092
1005.3865	1005.3865	7687.1428
1094.4889	1094.4889	2205.3651
1118.5760	1118.5760	1980.51
1346.7088	1346.7088	26622.0764
1347.7114	1347.7114	13004.9758
1368.6910	1368.6910	4375.8223
1400.7208	1400.7208	3372.069
1422.7009	1422.7009	1981.8346
1448.6803	1448.6803	2105.2628
1466.6906	1466.6906	2076.4923
1470.6618	1470.6618	4670.8175
