151.0477	151.0477	1359.1622
151.0499	151.0499	10732.0827
151.0541	151.0541	6520.3748
151.0841	151.0841	5471.9406
151.0864	151.0864	100529.3
151.0977	151.0977	1502.2037
151.1228	151.1228	31899.9616
152.0317	152.0317	2389.9177
152.0493	152.0493	12352.835
152.0619	152.0619	618147.5778
152.0704	152.0704	25825.5799
152.0817	152.0817	41663.3349
152.1068	152.1068	15439.0543
152.1181	152.1181	3790.2505
152.1432	152.1432	12598.0314
153.0446	153.0446	2507.4332
153.0571	153.0571	54276.7159
153.0655	153.0655	77652.3894
153.0697	153.0697	191029.0149
153.1021	153.1021	64152.5456
153.1384	153.1384	12450.7283
154.0349	154.0349	2014.1826
154.0607	154.0607	1816.6608
154.0649	154.0649	673373.7615
154.0731	154.0731	12747.5609
154.0775	154.0775	11736.9539
154.0861	154.0861	16999.2406
154.0973	154.0973	9994.7788
154.1224	154.1224	6193.6113
154.1337	154.1337	1300.3844
154.9072	154.9072	1408.0559
155.0190	155.0190	1613.232
155.0489	155.0489	4634.1082
155.0602	155.0602	214508.699
155.0683	155.0683	63602.6991
155.0728	155.0728	67438.337
155.0813	155.0813	19384.6784
155.0853	155.0853	24867.1703
155.0925	155.0925	21426.5464
155.1177	155.1177	30351.9763
156.0029	156.0029	4282.3373
156.0394	156.0394	1130.3017
156.0442	156.0442	6714.1132
156.0554	156.0554	5077.0294
156.0635	156.0635	6752.4461
156.0680	156.0680	163800.2333
156.0806	156.0806	349235.1302
156.1018	156.1018	2515.4187
156.1130	156.1130	3267.1442
156.9983	156.9983	5145.9868
157.0347	157.0347	24919.4258
157.0521	157.0521	3714.7627
157.0633	157.0633	15439.7023
157.0646	157.0646	51529.1374
157.0714	157.0714	6935.3022
157.0759	157.0759	273533.9855
157.0840	157.0840	27576.3691
157.0885	157.0885	41145.6257
157.0970	157.0970	8227.6117
157.1082	157.1082	107907.9614
158.0187	158.0187	11572.3612
158.0551	158.0551	1645.1672
158.0599	158.0599	70156.9876
158.0711	158.0711	38854.4058
158.0792	158.0792	14534.3331
158.0837	158.0837	124124.8352
158.0922	158.0922	5378.1081
158.0963	158.0963	100379.0245
159.0139	159.0139	25212.2732
159.0503	159.0503	44122.6566
159.0551	159.0551	8529.1921
159.0664	159.0664	2551.3671
159.0677	159.0677	51300.0259
159.0789	159.0789	2236.3431
159.0803	159.0803	7886.5149
159.0870	159.0870	3964.3562
159.0915	159.0915	588549.6342
159.0996	159.0996	1641.0879
159.1041	159.1041	1960.6215
159.1127	159.1127	1631.5402
159.1239	159.1239	2489.8101
160.0213	160.0213	3090.5798
160.0391	160.0391	1113.5282
160.0479	160.0479	2234.2816
160.0505	160.0505	1142.2139
160.0755	160.0755	176575.2182
160.0867	160.0867	72093.8883
160.0949	160.0949	46438.8941
160.1119	160.1119	36543.6528
161.0295	161.0295	1431.6491
161.0384	161.0384	14661.7875
161.0595	161.0595	5232.6728
161.0683	161.0683	6636.367
161.0707	161.0707	50408.5023
161.0789	161.0789	5720.1334
161.0820	161.0820	17405.8066
161.1071	161.1071	38549.1666
162.0370	162.0370	5400.2931
162.0462	162.0462	7188.0551
162.0547	162.0547	108485.9449
162.0660	162.0660	25853.7659
162.0911	162.0911	35363.2794
162.1024	162.1024	56077.7441
162.1275	162.1275	3241.3075
163.0476	163.0476	1474.3264
163.0501	163.0501	1614.3746
163.0540	163.0540	231709.6012
163.0580	163.0580	1361.5575
163.0612	163.0612	1578.4902
163.0840	163.0840	24218.3554
163.0864	163.0864	49152.3263
163.0976	163.0976	4046.1498
163.1228	163.1228	28438.0943
164.0492	164.0492	52331.0111
164.0573	164.0573	18748.161
164.0618	164.0618	28696.9258
164.0703	164.0703	6251.4249
164.0817	164.0817	57235.6185
164.1068	164.1068	3924.5215
164.1181	164.1181	22054.3904
164.9203	164.9203	170572.407
165.0528	165.0528	1681.1825
165.0571	165.0571	10096.1843
165.0633	165.0633	9513.0082
165.0657	165.0657	24556.3022
165.0697	165.0697	557977.0127
165.0769	165.0769	16787.7809
165.0997	165.0997	1849.5558
165.1021	165.1021	66043.2133
165.1133	165.1133	3855.0931
165.1384	165.1384	17790.4689
166.0497	166.0497	1327.3142
166.0524	166.0524	4854.2773
166.0609	166.0609	2209.2364
166.0649	166.0649	265760.8782
166.0731	166.0731	63296.6513
166.0775	166.0775	14462.6668
166.0861	166.0861	6128.7541
166.0973	166.0973	67737.2642
166.1225	166.1225	8454.8117
166.1337	166.1337	2071.3583
167.0602	167.0602	89297.7267
167.0683	167.0683	19435.5659
167.0728	167.0728	599375.0341
167.0813	167.0813	69747.2648
167.0853	167.0853	25598.1363
167.0926	167.0926	28204.9806
167.1177	167.1177	39273.5959
167.1541	167.1541	14800.1058
168.0568	168.0568	94208.6913
168.0635	168.0635	1923.1271
168.0680	168.0680	119277.9688
168.0741	168.0741	3451.7125
168.0761	168.0761	59738.4567
168.0806	168.0806	283960.8511
168.1017	168.1017	18650.6721
168.1130	168.1130	16418.893
168.1381	168.1381	19598.0311
169.0282	169.0282	2505.5983
169.0346	169.0346	1377.5856
169.0520	169.0520	4402.4366
169.0603	169.0603	4914.3331
169.0646	169.0646	210560.1714
169.0713	169.0713	4369.2038
169.0758	169.0758	272609.463
169.0839	169.0839	23656.3837
169.0884	169.0884	23011.8395
169.0970	169.0970	59225.0364
169.1082	169.1082	1824.5335
169.1334	169.1334	5107.7941
170.0122	170.0122	3153.7033
170.0187	170.0187	2021.9485
170.0599	170.0599	784814.7426
170.0679	170.0679	14478.6655
170.0711	170.0711	35380.2528
170.0792	170.0792	17198.2825
170.0836	170.0836	18358.1416
170.0962	170.0962	128240.9351
171.0139	171.0139	10626.411
171.0261	171.0261	11798.5395
171.0438	171.0438	2371.5628
171.0502	171.0502	2093.0102
171.0551	171.0551	16565.8826
171.0632	171.0632	69572.8415
171.0663	171.0663	1400.6931
171.0790	171.0790	1236.9979
171.0802	171.0802	3188.6955
171.0915	171.0915	97937.3241
171.0995	171.0995	4195.5309
171.1040	171.1040	1636.6303
171.1125	171.1125	4437.2905
172.0214	172.0214	1156.8747
172.0279	172.0279	7824.3749
172.0343	172.0343	3571.1641
172.0391	172.0391	1199.4337
172.0755	172.0755	91157.4239
172.0867	172.0867	26683.2419
172.0947	172.0947	1419.9969
172.0993	172.0993	1682.7726
172.1119	172.1119	31268.8748
173.0296	173.0296	92148.3101
173.0596	173.0596	2930.717
173.0660	173.0660	3289.596
173.0684	173.0684	1965.4737
173.0708	173.0708	31691.9613
173.0820	173.0820	1719.3228
173.0833	173.0833	1849.1965
173.1072	173.1072	25617.77
173.1283	173.1283	4409.094
174.0136	174.0136	18346.8311
174.0436	174.0436	3654.8822
174.0463	174.0463	26897.0958
174.0524	174.0524	1439.1763
174.0548	174.0548	7900.9609
174.0660	174.0660	3746.3587
174.0912	174.0912	36141.1044
174.1024	174.1024	28246.2444
174.1276	174.1276	7421.0131
174.1348	174.1348	12675.6559
175.0415	175.0415	2661.9367
175.0816	175.0816	3607.9043
175.0840	175.0840	1817.6319
175.0864	175.0864	32878.6252
175.0976	175.0976	5181.8275
175.1229	175.1229	7075.6627
176.0619	176.0619	170092.8105
176.0704	176.0704	8459.3932
176.0817	176.0817	23393.0324
176.1068	176.1068	10867.9691
176.1181	176.1181	46938.0664
177.0571	177.0571	37113.9538
177.0633	177.0633	17883.2291
177.0654	177.0654	15927.1055
177.0697	177.0697	59702.2469
177.0745	177.0745	7084.2267
177.0769	177.0769	3289.1173
177.0996	177.0996	7000.9198
177.1021	177.1021	21892.7893
177.1134	177.1134	4520.4438
177.1385	177.1385	4269.7301
178.0585	178.0585	14749.9232
178.0608	178.0608	3851.8982
178.0650	178.0650	91835.0809
178.0775	178.0775	224453.1965
178.0861	178.0861	2150.1121
178.0973	178.0973	17291.7619
178.1224	178.1224	1428.7102
178.1337	178.1337	17433.6593
178.9803	178.9803	1431.6916
179.0426	179.0426	3443.4846
179.0602	179.0602	62745.6878
179.0683	179.0683	3671.6359
179.0728	179.0728	21273.4526
179.0789	179.0789	12762.0666
179.0812	179.0812	41427.3369
179.0853	179.0853	36082.9882
179.0902	179.0902	1368.0989
179.0926	179.0926	2370.9067
179.1154	179.1154	1740.8604
179.1177	179.1177	23913.107
179.1541	179.1541	1219.7062
180.0635	180.0635	1547.3333
180.0680	180.0680	6228.8301
180.0741	180.0741	5685.4904
180.0765	180.0765	6792.3118
180.0806	180.0806	242257.0155
180.1017	180.1017	2341.732
180.1129	180.1129	16417.0437
180.1493	180.1493	1537.9569
180.8942	180.8942	2703.3842
181.0282	181.0282	1685.6133
181.0606	181.0606	3946.1188
181.0646	181.0646	25382.5694
181.0758	181.0758	129026.8081
181.0839	181.0839	22982.9352
181.0884	181.0884	40571.9362
181.0970	181.0970	29337.3341
181.1082	181.1082	13428.0714
181.1333	181.1333	27723.4403
182.0299	182.0299	1789.4126
182.0599	182.0599	34887.4902
182.0712	182.0712	3999.6068
182.0793	182.0793	5831.8911
182.0838	182.0838	73158.8743
182.0923	182.0923	16168.4169
182.0963	182.0963	63644.6005
182.1286	182.1286	3824.7891
182.1538	182.1538	1249.8539
183.0140	183.0140	2235.4737
183.0440	183.0440	1594.8985
183.0503	183.0503	1526.4944
183.0552	183.0552	2456.3947
183.0678	183.0678	36500.0658
183.0763	183.0763	3045.3969
183.0790	183.0790	5763.4836
183.0803	183.0803	1843.411
183.0875	183.0875	11237.5319
183.0916	183.0916	100150.9283
183.0996	183.0996	1164.8414
183.1042	183.1042	2814.9312
183.1127	183.1127	24735.4587
183.1239	183.1239	26355.2858
183.1491	183.1491	29669.1611
184.0341	184.0341	7292.3234
184.0392	184.0392	3145.9195
184.0457	184.0457	2009.1364
184.0630	184.0630	4333.1568
184.0732	184.0732	578964.6161
184.0755	184.0755	74088.9615
184.0868	184.0868	25594.5552
184.0949	184.0949	4128.3983
184.0994	184.0994	1624.4077
184.1079	184.1079	4262.1365
184.1119	184.1119	54139.3617
184.1191	184.1191	2718.3845
185.0232	185.0232	5464.4118
185.0296	185.0296	15894.2347
185.0384	185.0384	1679.7137
185.0470	185.0470	1414.7972
185.0596	185.0596	1576.5908
185.0660	185.0660	6728.6828
185.0708	185.0708	100084.4239
185.0765	185.0765	20214.8714
185.0789	185.0789	2029.9361
185.0821	185.0821	2985.9642
185.0835	185.0835	1686.2921
185.0919	185.0919	2610.9524
185.1032	185.1032	12312.4933
185.1072	185.1072	44070.5188
185.1283	185.1283	1884.1594
185.1396	185.1396	3553.2106
185.1647	185.1647	1874.8672
186.0135	186.0135	1240.828
186.0370	186.0370	4598.3274
186.0436	186.0436	2846.8654
186.0548	186.0548	5312.3312
186.0637	186.0637	13057.4602
186.0661	186.0661	2922.9883
186.0742	186.0742	2929.0401
186.0912	186.0912	58913.5429
186.1025	186.1025	12374.1213
186.1236	186.1236	4799.7361
186.1276	186.1276	24347.9739
187.0389	187.0389	3773.3782
187.0452	187.0452	24440.4381
187.0541	187.0541	79768.2615
187.0588	187.0588	3632.3175
187.0817	187.0817	2662.6625
187.0840	187.0840	1961.2691
187.0864	187.0864	46376.2705
187.0977	187.0977	3796.7976
187.1228	187.1228	10891.1607
188.0228	188.0228	5679.9045
188.0292	188.0292	9392.9531
188.0429	188.0429	1695.1789
188.0493	188.0493	14346.6978
188.0574	188.0574	2768.0038
188.0593	188.0593	8145.6616
188.0620	188.0620	2424.553
188.0704	188.0704	14025.3189
188.0793	188.0793	3998.449
188.0817	188.0817	4787.4989
188.1069	188.1069	10420.7724
188.1180	188.1180	3283.2694
188.1432	188.1432	1408.3205
189.0571	189.0571	2393.4063
189.0633	189.0633	2055.4491
189.0655	189.0655	1882.8865
189.0697	189.0697	253434.964
189.0745	189.0745	5372.854
189.0997	189.0997	2989.9123
189.1021	189.1021	18231.8919
189.1133	189.1133	4689.7155
189.1385	189.1385	3771.7022
190.0385	190.0385	1792.1477
190.0650	190.0650	106066.3747
190.0731	190.0731	32320.0482
190.0775	190.0775	27989.2435
190.0837	190.0837	5236.307
190.0861	190.0861	11867.8792
190.0925	190.0925	2539.9243
190.0949	190.0949	1425.8341
190.0973	190.0973	17945.096
190.1225	190.1225	4364.2761
190.1337	190.1337	8403.9222
191.0401	191.0401	7741.7326
191.0426	191.0426	8670.2542
191.0602	191.0602	3708.5749
191.0683	191.0683	3880.539
191.0728	191.0728	142533.1716
191.0789	191.0789	70230.0974
191.0813	191.0813	8599.1089
191.0854	191.0854	42961.8204
191.0926	191.0926	3961.62
191.1154	191.1154	2484.0991
191.1178	191.1178	17050.7307
191.1289	191.1289	11668.2138
191.1540	191.1540	1512.8051
192.0265	192.0265	1111.6079
192.0568	192.0568	13435.4345
192.0680	192.0680	55134.8701
192.0742	192.0742	20661.9058
192.0764	192.0764	19536.4965
192.0806	192.0806	89790.273
192.0887	192.0887	1192.685
192.1017	192.1017	1145.2179
192.1130	192.1130	38827.7285
192.1493	192.1493	4595.9679
193.0582	193.0582	3325.6881
193.0604	193.0604	1932.8711
193.0647	193.0647	14059.7501
193.0716	193.0716	2684.3488
193.0759	193.0759	68969.7386
193.0840	193.0840	4322.5965
193.0885	193.0885	60130.7913
193.0946	193.0946	7247.2703
193.0970	193.0970	17649.3259
193.1083	193.1083	12148.4512
193.1334	193.1334	13168.1292
193.1447	193.1447	1235.0407
194.0236	194.0236	1260.154
194.0360	194.0360	1135.4759
194.0534	194.0534	1215.6458
194.0599	194.0599	16331.7715
194.0712	194.0712	8968.9948
194.0794	194.0794	1358.3537
194.0837	194.0837	11936.8479
194.0899	194.0899	24734.7947
194.0923	194.0923	56832.8507
194.0963	194.0963	64156.8754
194.1175	194.1175	1361.1319
194.1287	194.1287	22566.9775
195.0328	195.0328	1726.2643
195.0441	195.0441	1320.0633
195.0553	195.0553	1174.2703
195.0740	195.0740	2427.6685
195.0763	195.0763	14315.2773
195.0790	195.0790	1296.147
195.0803	195.0803	3338.1554
195.0875	195.0875	14628.8653
195.0916	195.0916	87960.4973
195.0997	195.0997	1839.1272
195.1127	195.1127	30524.6467
195.1239	195.1239	2349.997
195.1491	195.1491	16409.7774
195.9955	195.9955	2524.7332
196.0456	196.0456	1109.0695
196.0518	196.0518	5788.6519
196.0756	196.0756	42571.6442
196.0868	196.0868	17319.5345
196.0950	196.0950	3160.7501
196.0994	196.0994	4561.7543
196.1079	196.1079	25803.0935
196.1120	196.1120	9280.3667
196.1168	196.1168	11020.7453
196.1443	196.1443	4262.5637
197.0232	197.0232	6735.5657
197.0295	197.0295	2604.9581
197.0708	197.0708	23642.2065
197.0919	197.0919	13104.9826
197.1031	197.1031	9770.9509
197.1072	197.1072	20993.6365
197.1283	197.1283	10469.4375
197.1647	197.1647	10933.2594
198.0436	198.0436	1273.2907
198.0463	198.0463	3457.5536
198.0548	198.0548	6899.7879
198.0871	198.0871	2976.5494
198.0912	198.0912	14905.025
198.1025	198.1025	7044.0112
198.1236	198.1236	3990.5916
198.1276	198.1276	2832.5135
199.0089	199.0089	8822.9099
199.0388	199.0388	11707.9815
199.0452	199.0452	44093.9657
199.0564	199.0564	2186.9887
199.0865	199.0865	21735.3006
199.0977	199.0977	1862.2469
199.1077	199.1077	5645.1093
199.1187	199.1187	3180.9032
199.1228	199.1228	7907.2235
199.1804	199.1804	1886.8385
200.0292	200.0292	6363.592
200.0405	200.0405	2935.9913
200.0593	200.0593	3473.5817
200.0619	200.0619	76575.3474
200.0705	200.0705	4147.331
200.0770	200.0770	1182.9956
200.0791	200.0791	1269.8504
200.0816	200.0816	1407.4433
200.1069	200.1069	38502.9988
200.1141	200.1141	7792.8097
200.1181	200.1181	3789.4498
200.1392	200.1392	1668.8669
200.1504	200.1504	7286.5142
201.0245	201.0245	1637.0193
201.0546	201.0546	4864.0172
201.0572	201.0572	14211.1373
201.0609	201.0609	17850.7804
201.0654	201.0654	4704.4547
201.0696	201.0696	2377.4261
201.0745	201.0745	2373.5756
201.1021	201.1021	11622.2157
201.1385	201.1385	9865.8476
202.0385	202.0385	1411.3654
202.0449	202.0449	4173.5672
202.0650	202.0650	8282.3221
202.0776	202.0776	178890.8892
202.0861	202.0861	20516.5864
202.0973	202.0973	4644.0466
202.1225	202.1225	27305.7485
203.0340	203.0340	1415.1513
203.0402	203.0402	2238.9542
203.0603	203.0603	3245.738
203.0728	203.0728	42360.2752
203.0790	203.0790	2837.0323
203.0810	203.0810	25251.1544
203.0854	203.0854	24038.3199
203.0902	203.0902	7946.9292
203.0925	203.0925	1895.5348
203.1153	203.1153	4024.8291
203.1178	203.1178	3544.1784
203.1290	203.1290	1898.0252
203.1542	203.1542	1282.6015
204.0743	204.0743	4987.1541
204.0764	204.0764	1961.2544
204.0807	204.0807	151515.3009
204.1107	204.1107	2230.5451
204.1131	204.1131	2935.0523
204.1382	204.1382	1770.7597
204.1496	204.1496	1162.6242
205.0584	205.0584	14076.2512
205.0648	205.0648	10196.3589
205.0760	205.0760	59186.8978
205.0841	205.0841	13065.5252
205.0886	205.0886	13192.1518
205.0947	205.0947	45821.8123
205.0970	205.0970	3005.2953
205.1060	205.1060	1270.9909
205.1084	205.1084	7660.9534
205.1311	205.1311	2553.5392
205.1335	205.1335	2478.4948
205.1447	205.1447	1229.5984
206.0423	206.0423	1166.8635
206.0536	206.0536	3174.284
206.0713	206.0713	2203.3616
206.0794	206.0794	2188.3017
206.0838	206.0838	27906.807
206.0900	206.0900	19138.3961
206.0923	206.0923	6912.3072
206.0964	206.0964	41275.04
206.1288	206.1288	6330.5494
207.0678	207.0678	2189.6418
207.0740	207.0740	2974.4466
207.0764	207.0764	2228.9989
207.0790	207.0790	4442.6433
207.0805	207.0805	1807.8463
207.0876	207.0876	4909.9987
207.0917	207.0917	31532.8514
207.1043	207.1043	2226.8887
207.1104	207.1104	6706.0195
207.1128	207.1128	10835.7071
207.1240	207.1240	8625.7043
207.1492	207.1492	1824.2591
208.0692	208.0692	5380.3142
208.0757	208.0757	4979.3754
208.0869	208.0869	7990.6417
208.0995	208.0995	3323.6521
208.1056	208.1056	15736.8307
208.1080	208.1080	16554.0405
208.1121	208.1121	7360.8812
208.1444	208.1444	25057.1589
209.0294	209.0294	1192.6348
209.0709	209.0709	3881.2757
209.0896	209.0896	1137.4925
209.0921	209.0921	4612.1929
209.1033	209.1033	36902.8777
209.1073	209.1073	16363.2514
209.1284	209.1284	15562.895
209.1397	209.1397	6192.0991
209.1649	209.1649	1303.8433
210.0438	210.0438	2308.4243
210.0613	210.0613	1190.6563
210.0913	210.0913	6576.9422
210.1025	210.1025	7512.0459
210.1214	210.1214	1333.9727
210.1236	210.1236	8565.0402
210.1277	210.1277	1372.8068
210.1601	210.1601	13875.1603
211.0389	211.0389	5689.9039
211.0453	211.0453	2928.1785
211.0541	211.0541	7364.9457
211.0866	211.0866	12935.2204
211.1077	211.1077	3980.209
211.1189	211.1189	104772.4802
211.1228	211.1228	1801.1307
211.1440	211.1440	13726.8082
212.0168	212.0168	2438.7839
212.0342	212.0342	1753.9348
212.0494	212.0494	2229.9411
212.0819	212.0819	1333.3198
212.1029	212.1029	16684.1332
212.1070	212.1070	2136.9883
212.1142	212.1142	11743.0418
212.1182	212.1182	3326.4894
212.1393	212.1393	1256.6385
213.0222	213.0222	11282.6356
213.0246	213.0246	35678.6928
213.0436	213.0436	1274.5753
213.0546	213.0546	4804.8433
213.0610	213.0610	41337.5833
213.0634	213.0634	2608.7772
213.0698	213.0698	51774.9462
213.1022	213.1022	10193.7342
213.1346	213.1346	2894.7079
213.1386	213.1386	1666.5908
213.1597	213.1597	1165.4167
214.0062	214.0062	1264.5471
214.0386	214.0386	2205.7462
214.0449	214.0449	1553.8096
214.0563	214.0563	1876.3602
214.0586	214.0586	12464.7647
214.0651	214.0651	25369.1376
214.0732	214.0732	2107.7082
214.0749	214.0749	1127.9945
214.0951	214.0951	1104.6329
214.1226	214.1226	1585.7425
214.1298	214.1298	2188.3161
215.0339	215.0339	6813.0951
215.0403	215.0403	2349.2694
215.0538	215.0538	2113.7462
215.0702	215.0702	2268.683
215.0729	215.0729	15562.246
215.0766	215.0766	4985.8166
215.0816	215.0816	1652.0863
215.0856	215.0856	62172.5417
215.1179	215.1179	6105.8643
216.0356	216.0356	2116.7601
216.0544	216.0544	1590.5488
216.0683	216.0683	6859.6081
216.0719	216.0719	6777.5453
216.0744	216.0744	3760.1618
216.0808	216.0808	60508.3728
216.0889	216.0889	3310.8162
216.1020	216.1020	1442.4853
216.1107	216.1107	1447.2887
216.9067	216.9067	1149.1561
217.0496	217.0496	2949.3835
217.0560	217.0560	11077.6738
217.0585	217.0585	1697.5943
217.0651	217.0651	1159.0952
217.0761	217.0761	3153.3885
217.0842	217.0842	2300.4022
217.0887	217.0887	81906.7301
217.0948	217.0948	13744.4098
217.0972	217.0972	1315.4835
217.1062	217.1062	1442.3598
217.1084	217.1084	21383.2001
217.1336	217.1336	12163.517
218.0701	218.0701	2696.8766
218.0839	218.0839	12338.4223
218.0901	218.0901	24621.2291
218.0921	218.0921	11734.9633
218.0965	218.0965	36639.6315
218.1287	218.1287	2305.8818
219.0741	219.0741	6887.2321
219.0805	219.0805	15598.3411
219.0852	219.0852	2207.5946
219.0876	219.0876	2057.3028
219.0917	219.0917	32979.8402
219.0999	219.0999	1343.8637
219.1041	219.1041	3327.2761
219.1105	219.1105	33033.9709
219.1240	219.1240	8435.3157
220.0281	220.0281	2708.0101
220.0582	220.0582	1117.278
220.0693	220.0693	15367.2039
220.0758	220.0758	21229.7844
220.0870	220.0870	8187.1388
220.0994	220.0994	1570.6778
220.1057	220.1057	38793.5303
220.1080	220.1080	6891.3044
220.1121	220.1121	8410.9747
220.1444	220.1444	2498.1207
221.0419	221.0419	1113.0291
221.0710	221.0710	2006.6689
221.0897	221.0897	8530.8073
221.0948	221.0948	1851.7835
221.1034	221.1034	9794.3707
221.1073	221.1073	8856.42
221.1261	221.1261	2332.6076
221.1284	221.1284	3324.2866
221.1397	221.1397	5069.1298
221.1649	221.1649	2043.0636
222.0439	222.0439	3102.5697
222.0850	222.0850	20727.6697
222.0914	222.0914	5494.9088
222.1026	222.1026	5528.2859
222.1213	222.1213	21487.9279
222.1237	222.1237	14095.8287
222.1325	222.1325	1317.9456
223.0690	223.0690	2712.7468
223.0866	223.0866	2296.6182
223.1054	223.1054	2901.3358
223.1078	223.1078	2980.8457
223.1190	223.1190	8833.2748
223.1230	223.1230	3314.1992
223.1441	223.1441	3459.1301
223.1554	223.1554	5116.913
224.0621	224.0621	14344.2155
224.0683	224.0683	1287.9984
224.1030	224.1030	8660.1736
224.1069	224.1069	1571.214
224.1182	224.1182	1295.8053
224.1370	224.1370	4680.4207
224.1394	224.1394	5506.1619
225.0246	225.0246	3445.3293
225.0548	225.0548	2484.1301
225.0574	225.0574	2722.8292
225.0611	225.0611	1985.0851
225.1024	225.1024	3164.7138
225.1233	225.1233	2940.098
225.1346	225.1346	12864.9329
225.1386	225.1386	2187.9217
225.1598	225.1598	2064.1963
225.1710	225.1710	34946.7664
226.0777	226.0777	60913.384
226.0975	226.0975	1552.0253
226.1187	226.1187	25734.4265
226.1299	226.1299	17747.0844
226.1550	226.1550	12476.8119
227.0403	227.0403	33808.4548
227.0702	227.0702	1366.6408
227.0730	227.0730	23576.3791
227.0767	227.0767	14629.2995
227.0812	227.0812	4613.4328
227.0855	227.0855	6803.1789
227.0903	227.0903	9633.5814
227.1026	227.1026	2158.3962
227.1139	227.1139	7187.1213
227.1179	227.1179	2209.4408
227.1867	227.1867	3006.8609
228.0245	228.0245	1237.396
228.0357	228.0357	3119.2666
228.0609	228.0609	1483.0962
228.0719	228.0719	2085.6643
228.0808	228.0808	47268.7196
228.0934	228.0934	7511.0714
228.1133	228.1133	1148.7367
228.1456	228.1456	22203.7578
228.1708	228.1708	1473.8713
229.0497	229.0497	3274.313
229.0559	229.0559	1462.568
229.0761	229.0761	16382.8415
229.0843	229.0843	1058.2955
229.0887	229.0887	4567.145
229.0925	229.0925	6471.7631
229.0947	229.0947	1440.1187
229.0971	229.0971	2521.0356
229.1013	229.1013	1107.3157
229.1061	229.1061	16119.1333
229.1295	229.1295	1468.1299
229.1336	229.1336	5261.2962
230.0512	230.0512	6611.0877
230.0839	230.0839	3066.4762
230.0876	230.0876	1246.8624
230.0901	230.0901	3431.9835
230.0965	230.0965	39733.8709
230.1175	230.1175	1109.9218
230.1264	230.1264	3685.8711
231.0717	231.0717	3411.5769
231.0742	231.0742	3743.9816
231.0853	231.0853	5266.0151
231.0917	231.0917	12503.8141
231.0999	231.0999	1831.0308
231.1043	231.1043	3553.6039
231.1105	231.1105	6796.4955
231.1128	231.1128	1572.836
231.1217	231.1217	3832.6278
231.1241	231.1241	8973.2182
231.1492	231.1492	6407.5533
232.0693	232.0693	6198.8269
232.0755	232.0755	1513.8757
232.0997	232.0997	2778.6388
232.1057	232.1057	23570.3835
232.1121	232.1121	5038.2215
232.1193	232.1193	1996.6913
233.0836	233.0836	1780.5251
233.0897	233.0897	4875.7691
233.1009	233.1009	19953.8342
233.1033	233.1033	3510.636
233.1073	233.1073	7415.4949
233.1261	233.1261	35457.0127
233.1284	233.1284	7265.5322
233.1397	233.1397	3340.1998
234.0503	234.0503	1173.7624
234.0850	234.0850	55135.8629
234.0914	234.0914	1768.6078
234.0962	234.0962	2706.2744
234.1214	234.1214	37421.5795
234.1236	234.1236	3336.8063
234.1350	234.1350	7999.5704
235.0690	235.0690	15323.2302
235.0803	235.0803	2041.8512
235.0865	235.0865	1198.4196
235.1054	235.1054	4322.9348
235.1190	235.1190	35799.641
235.1230	235.1230	2408.625
235.1418	235.1418	1356.3481
235.1441	235.1441	2092.2796
235.1554	235.1554	1604.3862
236.0642	236.0642	1224.7981
236.1006	236.1006	26418.6791
236.1029	236.1029	2243.2801
236.1070	236.1070	1317.2365
236.1142	236.1142	1571.113
236.1370	236.1370	29632.1058
236.1394	236.1394	11025.7414
236.1506	236.1506	8798.8094
237.0699	237.0699	13101.8721
237.0846	237.0846	3157.7592
237.0958	237.0958	5652.4369
237.0982	237.0982	6317.0551
237.1023	237.1023	1762.9063
237.1234	237.1234	3178.3986
237.1346	237.1346	15299.634
237.1598	237.1598	1875.7036
238.0387	238.0387	3149.8313
238.0562	238.0562	1360.8728
238.0651	238.0651	4812.6213
238.0799	238.0799	2441.4301
238.0975	238.0975	1357.4156
238.1187	238.1187	5501.6779
238.1299	238.1299	2112.167
238.1550	238.1550	8643.703
239.0379	239.0379	3037.2118
239.0403	239.0403	7618.0564
239.0768	239.0768	2436.5133
239.0855	239.0855	37331.0281
239.1139	239.1139	2950.8475
239.1390	239.1390	1496.9753
239.1503	239.1503	18884.4269
240.0632	240.0632	1509.9354
240.0808	240.0808	26213.9807
240.1343	240.1343	13482.7611
240.1455	240.1455	4299.8317
240.1707	240.1707	1288.8174
241.0560	241.0560	6699.6151
241.0760	241.0760	1687.8644
241.0886	241.0886	35712.01
241.0924	241.0924	3071.1265
241.0947	241.0947	1565.204
241.1012	241.1012	1217.8824
241.1059	241.1059	1218.7585
241.1295	241.1295	12963.3365
242.0511	242.0511	3544.1476
242.0838	242.0838	8662.2338
242.0875	242.0875	1997.5649
242.0922	242.0922	1783.2276
242.0964	242.0964	14532.6377
242.1612	242.1612	1567.5766
242.1975	242.1975	1453.9657
243.0651	243.0651	1812.6004
243.0717	243.0717	2328.609
243.0740	243.0740	1127.0149
243.0804	243.0804	1406.9116
243.0853	243.0853	12937.4422
243.0917	243.0917	13295.2629
243.1042	243.1042	2971.6925
243.1104	243.1104	2652.8531
243.1127	243.1127	2068.1575
243.1217	243.1217	1154.3586
243.1452	243.1452	2735.5743
244.0669	244.0669	3794.7428
244.0757	244.0757	3207.8195
244.1033	244.1033	1120.2013
244.1056	244.1056	15515.6749
244.1121	244.1121	4613.1081
244.1445	244.1445	1333.86
245.0509	245.0509	1173.9211
245.0872	245.0872	2007.3992
245.0897	245.0897	4032.3524
245.1010	245.1010	4556.2741
245.1073	245.1073	6733.8323
245.1261	245.1261	2259.605
245.1373	245.1373	3050.0517
246.0849	246.0849	22462.6609
246.0912	246.0912	1936.8049
246.1026	246.1026	1478.8835
246.1213	246.1213	24771.1396
247.0689	247.0689	1993.6947
247.0802	247.0802	2003.8431
247.1028	247.1028	1240.2919
247.1054	247.1054	7740.3939
247.1166	247.1166	2667.9273
247.1189	247.1189	1484.9812
247.1416	247.1416	7226.4025
247.1553	247.1553	1113.9973
248.0620	248.0620	2614.6362
248.0642	248.0642	3843.6963
248.1006	248.1006	88920.5345
248.1119	248.1119	3752.0376
248.1370	248.1370	45583.1047
248.1393	248.1393	1933.9244
248.1506	248.1506	1225.8685
249.0846	249.0846	15534.3458
249.0958	249.0958	11228.0712
249.0979	249.0979	1168.4317
249.1023	249.1023	1026.1224
249.1039	249.1039	1533.5387
249.1209	249.1209	8169.4048
249.1322	249.1322	1772.2646
249.1346	249.1346	4489.8844
249.1458	249.1458	5500.5476
250.0777	250.0777	13246.6975
250.0798	250.0798	3968.2637
250.1162	250.1162	27402.5366
250.1186	250.1186	2420.6192
250.1275	250.1275	3526.8992
250.1526	250.1526	26722.4389
250.1552	250.1552	1295.529
251.0729	251.0729	2688.2014
251.1002	251.1002	2210.6919
251.1115	251.1115	18475.5174
251.1138	251.1138	7789.0626
251.1479	251.1479	4899.7901
251.1502	251.1502	11450.0235
251.1614	251.1614	5019.5435
252.0807	252.0807	3655.602
252.0934	252.0934	10568.2551
252.0955	252.0955	5138.7416
252.0977	252.0977	1698.4567
252.1319	252.1319	3684.8685
252.1343	252.1343	2591.1358
252.1455	252.1455	7568.4413
252.1683	252.1683	1499.2551
252.1706	252.1706	3037.8544
253.0559	253.0559	8659.8031
253.0759	253.0759	1655.4717
253.0886	253.0886	2635.9613
253.0927	253.0927	1699.3191
253.0947	253.0947	2627.3928
253.1061	253.1061	1257.4724
253.1294	253.1294	1265.1121
253.1659	253.1659	49997.3348
254.0511	254.0511	2592.8138
254.0964	254.0964	17143.3268
254.1247	254.1247	25702.3738
254.1499	254.1499	5115.9666
254.1611	254.1611	32861.7303
254.1692	254.1692	1270.7715
255.0716	255.0716	5484.4842
255.0852	255.0852	9756.586
255.0916	255.0916	6303.2174
255.1085	255.1085	2118.8706
255.1104	255.1104	1118.1161
256.0668	256.0668	8315.563
256.1032	256.1032	2165.5094
256.1056	256.1056	6209.8544
256.1120	256.1120	1459.0566
256.1404	256.1404	3840.9131
256.1767	256.1767	6802.9397
257.0873	257.0873	1477.0676
257.0897	257.0897	3635.1521
257.1009	257.1009	30119.5793
257.1073	257.1073	2842.4016
258.0827	258.0827	2353.9878
258.0851	258.0851	1127.1528
258.0913	258.0913	1229.5203
258.1188	258.1188	1102.147
258.1213	258.1213	14394.1866
259.1029	259.1029	1491.1602
259.1054	259.1054	3323.8411
259.1166	259.1166	8825.0463
259.1230	259.1230	1956.7853
259.1418	259.1418	6772.8954
259.1554	259.1554	3893.9456
260.1006	260.1006	30237.6028
260.1118	260.1118	5456.9158
260.1369	260.1369	18285.8312
260.1395	260.1395	1293.6267
261.0698	261.0698	1503.7089
261.0959	261.0959	6107.4302
261.1322	261.1322	5571.0821
261.1346	261.1346	1100.2206
261.1573	261.1573	7865.0728
261.1710	261.1710	1208.4389
262.0798	262.0798	2410.1471
262.1162	262.1162	65297.7138
262.1299	262.1299	5460.4045
262.1526	262.1526	22375.8181
263.0639	263.0639	3929.0365
263.0750	263.0750	1202.8653
263.0854	263.0854	4245.0056
263.1003	263.1003	5273.618
263.1115	263.1115	22959.1024
263.1367	263.1367	1479.2143
263.1477	263.1477	2152.8759
263.1503	263.1503	5885.2129
264.0809	264.0809	3879.04
264.0955	264.0955	11191.8267
264.1319	264.1319	24753.2179
264.1454	264.1454	1506.498
264.1683	264.1683	12730.98
265.0886	265.0886	1870.9399
265.0908	265.0908	7194.2335
265.1012	265.1012	1152.0062
265.1272	265.1272	23823.06
265.1296	265.1296	1941.0677
265.1635	265.1635	5467.1239
265.1658	265.1658	1456.6542
266.0747	266.0747	1910.8885
266.0877	266.0877	1110.5683
266.0963	266.0963	2254.8589
266.1111	266.1111	9939.3829
266.1475	266.1475	2372.9941
266.1499	266.1499	2816.7644
266.1612	266.1612	4726.8004
266.1723	266.1723	2292.5473
267.0328	267.0328	2730.9408
267.0717	267.0717	1259.8669
267.0916	267.0916	1492.9216
267.1104	267.1104	7855.203
267.1427	267.1427	1417.5169
267.1539	267.1539	1563.4407
268.0668	268.0668	2350.5336
268.1056	268.1056	1430.2293
268.1403	268.1403	5696.7472
268.1768	268.1768	11256.9746
269.0874	269.0874	5908.2504
269.1072	269.1072	1537.0558
269.1244	269.1244	4587.0105
270.0460	270.0460	1440.854
270.0825	270.0825	13887.187
270.1189	270.1189	1773.6918
270.1213	270.1213	4015.1286
270.1925	270.1925	11393.1511
271.0666	271.0666	1846.2966
271.1166	271.1166	11854.076
271.1224	271.1224	1570.404
271.1513	271.1513	7407.0721
271.1877	271.1877	6411.9389
272.0982	272.0982	3532.5329
272.1004	272.1004	3337.9361
272.1370	272.1370	4789.2064
273.0958	273.0958	8773.3002
273.1322	273.1322	5547.4719
274.0776	274.0776	1408.6258
274.0797	274.0797	1894.7425
274.1162	274.1162	41321.1428
274.1187	274.1187	1334.219
274.1275	274.1275	13624.2437
274.1527	274.1527	7841.7178
275.1004	275.1004	2181.5708
275.1114	275.1114	9966.3796
275.1194	275.1194	1123.7814
275.1479	275.1479	4816.2223
275.1502	275.1502	8183.9802
275.1730	275.1730	7724.1957
276.0934	276.0934	2382.5403
276.0956	276.0956	4804.0339
276.1319	276.1319	79204.7996
276.1431	276.1431	15677.4246
276.1683	276.1683	15076.2656
277.0794	277.0794	2369.2801
277.0886	277.0886	1385.9207
277.0910	277.0910	1990.4929
277.1159	277.1159	4522.919
277.1271	277.1271	18483.486
277.1407	277.1407	13734.0165
277.1634	277.1634	3204.3345
277.1661	277.1661	1987.3257
278.0964	278.0964	2550.8101
278.1112	278.1112	12061.594
278.1249	278.1249	1617.1883
278.1475	278.1475	22690.9857
278.1611	278.1611	1190.5862
278.1840	278.1840	4114.3786
279.0951	279.0951	1240.4185
279.1063	279.1063	6315.2958
279.1428	279.1428	14934.6677
279.1452	279.1452	1704.82
279.1564	279.1564	9748.2142
279.1792	279.1792	2784.5939
279.1816	279.1816	2800.7072
280.0905	280.0905	2687.1537
280.1267	280.1267	5600.5633
280.1403	280.1403	2172.3365
280.1631	280.1631	1503.1022
280.1656	280.1656	2835.3921
281.0898	281.0898	1391.9394
281.1261	281.1261	2856.0833
281.1584	281.1584	7525.5408
281.1722	281.1722	1694.5253
281.1949	281.1949	1107.8374
282.0825	282.0825	3928.1015
282.1814	282.1814	1550.1451
283.1054	283.1054	3773.3058
283.1166	283.1166	53619.4123
284.0619	284.0619	2709.2468
284.0982	284.0982	12742.0763
284.1007	284.1007	2473.3617
284.1118	284.1118	1188.7479
284.1371	284.1371	5425.5021
285.1323	285.1323	15004.9017
285.1669	285.1669	1347.3197
286.1138	286.1138	3948.3934
286.1162	286.1162	10360.7121
286.1273	286.1273	1521.2125
286.1527	286.1527	4918.1478
287.0726	287.0726	1940.5158
287.1116	287.1116	2898.3299
287.1478	287.1478	4936.9833
288.0931	288.0931	1861.7942
288.0956	288.0956	2556.4637
288.1319	288.1319	44792.7118
288.1431	288.1431	5799.3174
288.1683	288.1683	2143.2136
289.0909	289.0909	1701.959
289.1011	289.1011	1199.2086
289.1272	289.1272	9655.9066
289.1353	289.1353	1467.5084
289.1635	289.1635	3537.038
290.1111	290.1111	6427.6341
290.1475	290.1475	74456.9597
290.1588	290.1588	2189.9696
290.1839	290.1839	4857.236
291.1064	291.1064	30481.7283
291.1316	291.1316	3621.6093
291.1428	291.1428	36376.2503
291.1791	291.1791	7218.5136
292.0904	292.0904	3334.1178
292.1268	292.1268	22324.6515
292.1630	292.1630	8744.708
292.1768	292.1768	1505.6749
292.1995	292.1995	1542.6476
293.1220	293.1220	13873.8963
293.1584	293.1584	17990.6478
293.1695	293.1695	4878.4093
293.1948	293.1948	1498.4369
294.1060	294.1060	1574.2816
294.1425	294.1425	10475.9016
294.1673	294.1673	4599.213
295.1379	295.1379	2091.6123
295.1419	295.1419	1196.0285
295.1765	295.1765	1129.0356
296.0981	296.0981	2492.6427
296.1353	296.1353	1313.4507
296.1718	296.1718	1147.2873
296.1829	296.1829	2234.5709
296.2082	296.2082	3832.8278
297.1574	297.1574	1108.3424
297.1670	297.1670	3766.5573
297.2033	297.2033	1733.1266
298.0776	298.0776	2523.2122
298.1163	298.1163	7448.5811
298.1529	298.1529	1841.1527
298.1875	298.1875	1255.5085
299.1116	299.1116	2411.5109
299.1480	299.1480	7236.0363
299.1826	299.1826	2142.001
300.0931	300.0931	3069.7045
300.0954	300.0954	2483.691
300.1319	300.1319	5319.743
300.1432	300.1432	16069.5234
300.1683	300.1683	4117.664
301.0572	301.0572	2967.9443
301.0599	301.0599	3569.8483
301.0883	301.0883	1104.1843
301.1248	301.1248	6561.2308
301.1272	301.1272	5560.1074
301.1635	301.1635	3692.5968
302.1113	302.1113	2553.036
302.1223	302.1223	3810.9988
302.1475	302.1475	45134.3799
302.1587	302.1587	7853.3375
302.1839	302.1839	7756.0909
303.1065	303.1065	2714.3811
303.1427	303.1427	20255.5287
303.1790	303.1790	1166.3411
304.1268	304.1268	10054.8344
304.1380	304.1380	2936.8576
304.1632	304.1632	69432.0196
305.1220	305.1220	38813.7975
305.1332	305.1332	1896.8638
305.1584	305.1584	61950.0418
305.1666	305.1666	1728.025
305.1695	305.1695	3538.2895
306.1061	306.1061	16646.8753
306.1172	306.1172	2376.1939
306.1425	306.1425	18905.0173
306.1618	306.1618	1137.5679
306.1788	306.1788	12621.6981
307.1013	307.1013	1475.9708
307.1376	307.1376	22792.8727
307.1740	307.1740	28759.6332
308.1216	308.1216	5135.5084
308.1329	308.1329	4139.8546
308.1371	308.1371	2130.6142
308.1581	308.1581	6809.6719
308.1719	308.1719	2720.1098
309.1169	309.1169	2004.2766
309.1533	309.1533	4256.5715
309.1897	309.1897	978.423
309.1918	309.1918	1202.0175
309.2009	309.2009	2957.3619
309.3265	309.3265	2114.9225
310.0774	310.0774	2037.7143
310.1162	310.1162	5537.2665
310.1528	310.1528	1475.4545
310.1873	310.1873	2721.4556
311.1114	311.1114	4955.5534
312.1293	312.1293	1145.7809
312.1318	312.1318	7386.8605
312.1682	312.1682	4547.852
313.1162	313.1162	585.7943
313.1272	313.1272	1461.8408
313.1635	313.1635	16546.6884
313.1981	313.1981	2713.0932
314.1111	314.1111	3301.4791
314.1223	314.1223	8713.4503
314.1475	314.1475	4349.1159
314.1587	314.1587	11043.6043
314.1671	314.1671	1123.9845
315.1041	315.1041	1381.3649
315.1064	315.1064	4884.0632
315.1428	315.1428	9096.0419
315.1793	315.1793	2279.0805
316.1268	316.1268	4795.9158
316.1381	316.1381	5092.2299
316.1632	316.1632	19911.652
316.1745	316.1745	7219.0455
316.1996	316.1996	2380.8357
317.1221	317.1221	20814.1227
317.1584	317.1584	21825.7504
317.1947	317.1947	1363.1351
318.1400	318.1400	2143.3521
318.1425	318.1425	3391.4414
318.1537	318.1537	2665.0674
318.1788	318.1788	44599.6108
319.1377	319.1377	42351.3889
319.1741	319.1741	63051.4494
319.1823	319.1823	1479.0081
320.1217	320.1217	13663.3392
320.1328	320.1328	2493.9028
320.1408	320.1408	1134.5829
320.1581	320.1581	14593.4231
320.1718	320.1718	3740.4739
320.1773	320.1773	2229.2643
320.1945	320.1945	6092.599
321.1168	321.1168	1525.5181
321.1534	321.1534	18933.3594
321.1646	321.1646	2111.0741
321.1897	321.1897	32305.8577
322.1373	322.1373	2628.913
322.1485	322.1485	4212.438
322.1737	322.1737	1335.9246
322.1849	322.1849	4349.5743
322.1874	322.1874	2745.1015
323.1327	323.1327	5289.7368
323.1690	323.1690	5921.6187
323.2051	323.2051	2414.4039
324.0931	324.0931	2140.6185
324.1319	324.1319	11849.3559
324.1431	324.1431	3750.2196
324.1683	324.1683	1144.2193
324.2031	324.2031	6738.1583
325.1272	325.1272	1996.4587
325.1524	325.1524	3865.0073
325.1871	325.1871	2530.2866
325.1983	325.1983	7309.6023
326.1087	326.1087	1297.682
326.1112	326.1112	4220.3529
326.1225	326.1225	1238.6197
326.1474	326.1474	3648.5325
326.1586	326.1586	2168.0559
326.3782	326.3782	17952.6092
327.1041	327.1041	1899.4186
327.1429	327.1429	2286.9363
327.1791	327.1791	2512.9745
327.2139	327.2139	2251.9685
328.1269	328.1269	3398.9366
328.1380	328.1380	12324.8138
328.1633	328.1633	5974.198
329.1585	329.1585	7569.4702
329.1947	329.1947	2275.348
330.1424	330.1424	1306.1981
330.1536	330.1536	14454.2739
330.1788	330.1788	14478.2678
331.1377	331.1377	23489.3572
331.1490	331.1490	7534.0524
331.1741	331.1741	22399.1157
332.1216	332.1216	3881.7959
332.1328	332.1328	2162.0487
332.1582	332.1582	3186.3448
332.1693	332.1693	4001.1203
332.1945	332.1945	12687.4832
333.1170	333.1170	2537.9607
333.1533	333.1533	37410.043
333.1897	333.1897	37645.7492
333.2261	333.2261	1759.2572
334.1374	334.1374	6893.2905
334.1486	334.1486	13090.1903
334.1738	334.1738	14551.5053
335.1326	335.1326	8688.7543
335.1690	335.1690	29197.619
335.2053	335.2053	26394.7428
335.2167	335.2167	3445.2804
336.1278	336.1278	1973.3516
336.1531	336.1531	5074.7454
336.1642	336.1642	6004.3624
336.1894	336.1894	3209.4816
336.2007	336.2007	2389.0051
337.1483	337.1483	5251.769
338.1475	338.1475	17772.6745
338.1798	338.1798	1740.1668
339.1429	339.1429	1163.3034
339.1638	339.1638	2107.4064
339.2140	339.2140	4276.3238
340.1269	340.1269	10421.9583
340.1630	340.1630	4715.1036
341.1107	341.1107	1818.69
341.1222	341.1222	1484.182
341.1583	341.1583	10680.6017
341.2296	341.2296	8132.5555
342.1425	342.1425	5635.2032
342.1537	342.1537	6029.5254
342.1788	342.1788	3105.4558
343.1376	343.1376	4304.3903
343.1489	343.1489	2047.5016
343.1740	343.1740	8880.4266
344.1327	344.1327	1414.6061
344.1582	344.1582	1813.3235
344.1693	344.1693	4706.9381
344.1944	344.1944	4839.8889
344.2056	344.2056	2543.4307
345.1169	345.1169	1240.1024
345.1533	345.1533	21107.1431
345.1645	345.1645	7692.9936
345.1897	345.1897	25680.0486
346.1374	346.1374	3705.6005
346.1485	346.1485	2601.2548
346.1737	346.1737	2266.993
346.1851	346.1851	9721.8081
346.2102	346.2102	18782.4362
347.1327	347.1327	4566.6699
347.1439	347.1439	2964.9869
347.1690	347.1690	45414.4122
347.1802	347.1802	11845.7982
347.2054	347.2054	38104.9965
348.1278	348.1278	3410.9789
348.1530	348.1530	13181.2806
348.1642	348.1642	7939.8634
348.2006	348.2006	6881.6761
349.1120	349.1120	1160.7676
349.1484	349.1484	12956.9385
349.1846	349.1846	26026.9814
349.2210	349.2210	3531.0124
350.1434	350.1434	3009.3908
350.1799	350.1799	5147.9128
350.2052	350.2052	1391.6339
351.1276	351.1276	2536.9603
351.1639	351.1639	9437.195
351.2003	351.2003	4371.8797
352.1593	352.1593	1113.0678
352.1632	352.1632	11328.5547
353.1585	353.1585	1583.3975
353.2292	353.2292	1100.8558
354.1424	354.1424	3751.3868
354.1536	354.1536	12490.4516
354.1787	354.1787	3735.907
355.1352	355.1352	1895.0971
355.1377	355.1377	2446.0955
355.1741	355.1741	3858.053
356.1580	356.1580	1248.4216
356.1694	356.1694	7189.4987
356.1943	356.1943	9396.3755
357.1533	357.1533	5708.6691
357.1644	357.1644	1621.6537
357.1897	357.1897	19147.9724
358.1484	358.1484	2492.751
358.1738	358.1738	3111.8224
358.1848	358.1848	3449.1906
358.2209	358.2209	2036.2487
359.1325	359.1325	1589.5828
359.1690	359.1690	23428.9602
359.1801	359.1801	1599.164
359.2054	359.2054	13403.9997
360.1644	360.1644	7288.1397
360.1893	360.1893	1479.3623
360.2006	360.2006	2822.2628
360.2257	360.2257	3807.3188
361.1481	361.1481	8970.0377
361.1846	361.1846	51152.8948
361.2210	361.2210	26720.056
362.1435	362.1435	13106.5711
362.1686	362.1686	6765.3938
362.1798	362.1798	14729.6887
362.2164	362.2164	4239.867
362.2243	362.2243	1116.6792
363.1462	363.1462	2996.791
363.1639	363.1639	14500.7131
363.2003	363.2003	17748.0105
363.2116	363.2116	2626.5673
363.2366	363.2366	6537.8909
364.1594	364.1594	2810.4159
364.1631	364.1631	1693.5224
364.1840	364.1840	1866.1971
364.1955	364.1955	19692.8936
364.2318	364.2318	7815.9959
365.1432	365.1432	1714.0192
365.1795	365.1795	6382.271
365.2161	365.2161	5450.9381
366.1749	366.1749	1324.6252
366.1788	366.1788	7665.1132
367.1378	367.1378	1857.3311
367.1741	367.1741	5321.6063
367.2089	367.2089	5108.2333
367.2451	367.2451	3847.8737
368.1581	368.1581	3841.9236
368.1946	368.1946	1145.3529
369.1533	369.1533	2519.773
369.1646	369.1646	3888.3264
369.1896	369.1896	11466.6604
370.1734	370.1734	3680.5799
370.1849	370.1849	13975.3915
371.1326	371.1326	5254.687
371.1690	371.1690	5546.1617
371.1803	371.1803	11868.5909
371.2052	371.2052	5107.7254
372.1643	372.1643	3002.1389
372.2006	372.2006	6653.4655
372.2259	372.2259	1503.3374
373.1482	373.1482	1950.486
373.1596	373.1596	2314.7837
373.1847	373.1847	29925.1894
373.1959	373.1959	3177.5801
373.2210	373.2210	10072.4053
374.1434	374.1434	2270.0781
374.1798	374.1798	18171.3241
374.2162	374.2162	4685.4868
374.2413	374.2413	1255.3384
375.1275	375.1275	1142.3061
375.1638	375.1638	2935.3299
375.2002	375.2002	34113.7406
375.2366	375.2366	6302.2664
376.1591	376.1591	9243.6737
376.1955	376.1955	26922.335
376.2317	376.2317	5604.3188
377.1432	377.1432	12775.283
377.1585	377.1585	1871.8375
377.1796	377.1796	23658.7627
377.2159	377.2159	6244.8166
377.2523	377.2523	5614.8491
378.1387	378.1387	1812.2564
378.1749	378.1749	7278.948
378.2111	378.2111	12345.1536
378.2475	378.2475	4849.5244
379.1588	379.1588	2866.2932
379.1699	379.1699	1362.5282
379.1952	379.1952	10746.9535
380.1902	380.1902	2666.1026
380.1944	380.1944	9594.5
380.2266	380.2266	1321.044
380.2380	380.2380	3378.5579
381.1533	381.1533	2315.3093
381.1896	381.1896	6737.5956
382.1372	382.1372	1105.4783
382.1737	382.1737	9641.8627
382.2199	382.2199	2595.8288
383.1327	383.1327	1589.7939
383.1690	383.1690	4430.8677
383.2053	383.2053	5381.8981
384.1529	384.1529	2861.6564
384.1642	384.1642	1935.4847
384.1894	384.1894	1198.0819
384.2003	384.2003	1918.6581
384.2354	384.2354	2291.4974
385.1483	385.1483	4971.2477
385.1593	385.1593	1181.8466
385.1846	385.1846	7295.8102
385.1956	385.1956	3296.2446
385.2208	385.2208	4649.7568
386.1433	386.1433	1325.3572
386.1798	386.1798	2919.7625
386.2160	386.2160	5864.6653
387.1639	387.1639	6447.7698
387.1754	387.1754	1252.9574
387.2002	387.2002	23774.9912
387.2114	387.2114	6160.2337
387.2366	387.2366	27009.0337
388.1216	388.1216	2586.7788
388.1592	388.1592	7509.7478
388.1955	388.1955	11153.0228
388.2068	388.2068	4625.1977
388.2319	388.2319	2610.4054
389.1432	389.1432	2579.2016
389.1795	389.1795	5734.8893
389.1907	389.1907	1967.3337
389.2159	389.2159	32329.2171
389.2271	389.2271	4276.1583
389.2523	389.2523	5510.0465
390.1748	390.1748	11638.0738
390.2111	390.2111	23406.9294
390.2476	390.2476	7039.7583
391.1588	391.1588	4749.5683
391.1951	391.1951	16204.1502
391.2315	391.2315	3082.883
391.2679	391.2679	2411.3323
392.1538	392.1538	2307.0526
392.1904	392.1904	14545.9866
392.2268	392.2268	8833.4691
392.2631	392.2631	8031.2678
393.1744	393.1744	2287.7036
393.1897	393.1897	1897.7351
393.2109	393.2109	5559.986
394.1696	394.1696	2947.0024
394.2061	394.2061	4549.0774
395.1690	395.1690	8157.6817
395.2052	395.2052	4496.2856
396.1527	396.1527	1377.2651
396.1893	396.1893	1591.9929
397.1481	397.1481	3550.5025
397.1845	397.1845	16210.7438
397.2206	397.2206	1472.3001
398.1684	398.1684	1476.8188
398.1796	398.1796	3825.5511
398.2161	398.2161	15770.4865
399.1638	399.1638	7246.1362
399.1751	399.1751	4210.3196
399.2003	399.2003	13953.8311
399.2114	399.2114	5224.8338
399.2362	399.2362	2114.2226
400.1591	400.1591	2967.5729
400.1844	400.1844	1531.7016
400.1955	400.1955	8238.4179
400.2315	400.2315	3194.3542
401.1795	401.1795	2248.6012
401.1909	401.1909	4265.5074
401.2159	401.2159	17123.7473
401.2272	401.2272	1910.2628
401.2523	401.2523	2476.1601
402.1748	402.1748	9188.0071
402.2112	402.2112	14446.5082
402.2475	402.2475	2522.7873
403.1587	403.1587	2740.1118
403.1700	403.1700	1820.1866
403.1950	403.1950	6321.0203
403.2067	403.2067	3202.409
403.2316	403.2316	15500.6357
403.2681	403.2681	1380.425
404.1905	404.1905	17853.3577
404.2018	404.2018	1334.5978
404.2157	404.2157	5936.031
404.2267	404.2267	20037.5415
404.2630	404.2630	5476.7429
405.1381	405.1381	1198.8153
405.1743	405.1743	3785.4892
405.1855	405.1855	4685.6576
405.2107	405.2107	15711.8055
405.2474	405.2474	2686.8106
406.2061	406.2061	14445.6911
406.2425	406.2425	7836.5689
407.1688	407.1688	2462.5962
407.1903	407.1903	3568.3684
407.2264	407.2264	7678.9041
408.1854	408.1854	3487.802
408.2216	408.2216	6037.615
409.1692	409.1692	1400.8365
409.1846	409.1846	9375.8843
409.1952	409.1952	1163.3577
409.2205	409.2205	2187.0366
409.2535	409.2535	2118.9706
410.1685	410.1685	1437.076
410.1796	410.1796	1623.2952
410.1886	410.1886	1209.6157
410.2509	410.2509	1684.4849
411.1635	411.1635	2944.1262
411.2003	411.2003	11675.0612
412.1590	412.1590	3442.7688
412.1955	412.1955	6540.2745
412.2315	412.2315	2474.6818
413.1792	413.1792	2011.6184
413.1910	413.1910	2695.1198
413.2158	413.2158	7115.023
413.2523	413.2523	1491.788
414.1749	414.1749	1769.5479
414.2112	414.2112	7652.8787
414.2468	414.2468	3198.4771
415.1954	415.1954	2697.8511
415.2064	415.2064	4939.5041
415.2315	415.2315	14776.3487
415.2428	415.2428	2534.477
416.1905	416.1905	8859.6143
416.2014	416.2014	1684.521
416.2269	416.2269	14439.2529
417.1743	417.1743	3036.5686
417.2107	417.2107	4080.0551
417.2219	417.2219	4553.0446
417.2472	417.2472	5117.1347
418.1810	418.1810	2517.9017
418.2061	418.2061	20778.4575
418.2176	418.2176	3246.9946
418.2424	418.2424	23485.2264
419.1534	419.1534	1305.095
419.1902	419.1902	2389.2846
419.2013	419.2013	4973.7453
419.2266	419.2266	3074.7733
419.2382	419.2382	2600.2314
419.2628	419.2628	2334.5742
420.1853	420.1853	6248.7212
420.2217	420.2217	14238.7782
420.2581	420.2581	3189.8188
421.1846	421.1846	2384.9594
421.2056	421.2056	1990.7141
421.2175	421.2175	4265.4478
421.2420	421.2420	1644.374
421.2538	421.2538	1473.5526
422.2008	422.2008	2658.9234
422.2375	422.2375	4435.0795
423.1642	423.1642	1250.6619
423.2003	423.2003	5582.8699
424.1954	424.1954	2315.264
424.2313	424.2313	1469.2414
425.1795	425.1795	6291.1186
425.1908	425.1908	7127.4363
425.2159	425.2159	7036.6642
426.1748	426.1748	2904.087
426.2111	426.2111	10387.4755
426.2462	426.2462	1343.3299
427.1950	427.1950	6941.4818
427.2066	427.2066	1270.4257
427.2315	427.2315	1875.8875
427.2421	427.2421	3955.4105
428.1540	428.1540	1811.603
428.1903	428.1903	5489.1555
428.2268	428.2268	12357.8256
429.2108	429.2108	1775.1423
429.2220	429.2220	1972.7248
429.2472	429.2472	1886.7665
430.2060	430.2060	13201.3413
430.2424	430.2424	15698.5802
431.2014	431.2014	3917.6026
431.2263	431.2263	3677.7305
431.2377	431.2377	2432.5828
431.2629	431.2629	10021.7438
432.1853	432.1853	2343.441
432.2217	432.2217	22743.4629
432.2580	432.2580	19723.2428
433.1812	433.1812	1627.2054
433.2057	433.2057	7619.5085
433.2172	433.2172	5895.9025
433.2419	433.2419	4598.9646
434.2011	434.2011	6733.5874
434.2374	434.2374	7041.2044
434.2735	434.2735	2876.2331
435.1849	435.1849	2021.8451
435.1965	435.1965	1562.0444
435.2212	435.2212	2353.7657
435.2327	435.2327	3919.9361
435.2690	435.2690	4219.9966
436.1801	436.1801	2723.9223
436.1955	436.1955	1441.7963
436.2165	436.2165	5555.219
436.2896	436.2896	3005.9094
437.1794	437.1794	2099.8484
437.2007	437.2007	2086.6129
437.2158	437.2158	1751.0181
438.1747	438.1747	1668.7922
438.2113	438.2113	5416.2505
438.2468	438.2468	1724.2088
438.2822	438.2822	1482.3684
439.1952	439.1952	3953.2832
439.2313	439.2313	1632.0519
440.1904	440.1904	5212.4308
440.2267	440.2267	7099.9988
440.2628	440.2628	1333.8834
441.1748	441.1748	1421.5749
441.1859	441.1859	1774.7115
441.2108	441.2108	5370.7627
441.2218	441.2218	4114.2252
442.2059	442.2059	7336.4636
442.2171	442.2171	1482.2122
442.2423	442.2423	6218.5535
443.2013	443.2013	2483.5785
443.2375	443.2375	4623.7411
443.2627	443.2627	2150.1494
444.1855	444.1855	2385.9236
444.2217	444.2217	20970.4651
444.2581	444.2581	8005.8465
445.2060	445.2060	1902.7993
445.2170	445.2170	5658.1252
445.2420	445.2420	1727.7642
445.2534	445.2534	2911.5978
445.2784	445.2784	2882.8963
446.2010	446.2010	3202.8341
446.2374	446.2374	21132.8528
446.2737	446.2737	8923.957
447.1962	447.1962	2439.8784
447.2212	447.2212	1597.2833
447.2326	447.2326	12775.3218
447.2690	447.2690	6215.5165
448.1801	448.1801	1911.8023
448.2167	448.2167	19656.4794
448.2530	448.2530	8715.7295
448.2893	448.2893	3111.276
449.2121	449.2121	2701.4161
449.2482	449.2482	3394.343
450.2323	450.2323	9191.1063
451.2315	451.2315	3296.9479
452.1905	452.1905	3029.8319
452.2118	452.2118	1290.4556
452.2267	452.2267	6778.4761
453.1745	453.1745	3057.0462
453.2108	453.2108	9620.1644
454.1697	454.1697	2547.3506
454.2059	454.2059	10155.1744
454.2270	454.2270	2133.952
454.2424	454.2424	3545.8654
455.1901	455.1901	3742.9754
455.2260	455.2260	2227.1578
455.2374	455.2374	1642.3177
456.2217	456.2217	11906.4286
456.2581	456.2581	4033.5714
457.2169	457.2169	3598.4018
457.2421	457.2421	1614.7911
457.2534	457.2534	2427.4951
458.2012	458.2012	2453.0589
458.2373	458.2373	14931.2625
458.2485	458.2485	3854.8213
458.2736	458.2736	6583.9731
459.1961	459.1961	3201.042
459.2213	459.2213	5092.5285
459.2327	459.2327	5675.9691
459.2482	459.2482	3928.3844
459.2693	459.2693	3215.1882
460.2164	460.2164	4958.2457
460.2529	460.2529	11765.1373
460.2642	460.2642	1895.825
460.2894	460.2894	4287.9058
461.2121	461.2121	3704.4932
461.2483	461.2483	9280.9533
461.2847	461.2847	1844.9646
462.1961	462.1961	3741.436
462.2323	462.2323	7978.7524
462.2687	462.2687	5088.9153
462.3049	462.3049	2993.8462
463.2274	463.2274	5631.2698
463.2640	463.2640	7110.5991
464.2115	464.2115	2510.0286
464.2481	464.2481	2497.1512
465.2431	465.2431	3738.0409
466.2060	466.2060	3757.5795
466.2425	466.2425	4929.8136
467.1902	467.1902	3392.0131
467.2263	467.2263	1945.73
468.1852	468.1852	2065.6364
468.2215	468.2215	6162.6681
468.2582	468.2582	1817.1824
469.2059	469.2059	1669.2621
469.2168	469.2168	1195.4028
469.2419	469.2419	1100.2861
469.2529	469.2529	5300.5235
470.2006	470.2006	3610.1744
470.2372	470.2372	15285.4291
470.2738	470.2738	3106.4836
471.2324	471.2324	8774.9318
471.2689	471.2689	1698.6578
472.2161	472.2161	1520.4732
472.2532	472.2532	11006.6806
472.2642	472.2642	1227.8006
472.2889	472.2889	3772.0567
473.2121	473.2121	3672.4969
473.2485	473.2485	8880.0839
474.2322	474.2322	5655.3532
474.2686	474.2686	11583.7105
474.3051	474.3051	3615.0769
475.2274	475.2274	6099.6087
475.2525	475.2525	1533.0431
475.2639	475.2639	9841.8988
476.2114	476.2114	4085.1186
476.2228	476.2228	2656.4751
476.2479	476.2479	12145.8874
476.2842	476.2842	3431.1788
477.2435	477.2435	5017.7192
477.2794	477.2794	1270.713
478.2269	478.2269	4124.9069
480.2216	480.2216	6035.6687
481.2055	481.2055	1165.9749
481.2168	481.2168	1903.1907
481.2532	481.2532	1272.306
482.2007	482.2007	1466.4446
482.2371	482.2371	4005.7746
483.2323	483.2323	2844.7889
483.2481	483.2481	4482.5248
483.2685	483.2685	2558.8623
483.3041	483.3041	1644.8773
484.2166	484.2166	3572.8465
484.2527	484.2527	6261.7729
485.2120	485.2120	2701.6936
485.2485	485.2485	3567.5895
485.2639	485.2639	1186.2267
485.2838	485.2838	2686.8244
486.2320	486.2320	4597.232
486.2687	486.2687	3334.8231
486.3167	486.3167	1694.0328
487.2274	487.2274	6778.4334
487.2637	487.2637	7957.5112
487.2796	487.2796	6881.8697
488.2229	488.2229	1284.8012
488.2481	488.2481	3022.5695
488.2592	488.2592	1900.5389
488.2841	488.2841	5002.4834
489.2431	489.2431	10097.2486
489.2797	489.2797	6331.9884
489.3157	489.3157	6102.513
490.2636	490.2636	5737.4632
490.2754	490.2754	1830.5753
490.2999	490.2999	3393.4784
491.2228	491.2228	2647.9738
491.2589	491.2589	16010.1163
491.2952	491.2952	4961.1686
491.3317	491.3317	3329.0018
492.2215	492.2215	2187.7129
492.2430	492.2430	1268.0281
492.2544	492.2544	1898.2157
492.2789	492.2789	2094.9769
493.2378	493.2378	3046.5747
493.2888	493.2888	1151.6477
494.2004	494.2004	1417.0555
494.2370	494.2370	1564.7151
495.2216	495.2216	1369.545
495.2686	495.2686	1586.0392
496.2166	496.2166	4779.1026
496.2526	496.2526	3396.9611
497.2122	497.2122	1359.628
497.2480	497.2480	2581.2791
497.2592	497.2592	1286.0992
498.2322	498.2322	3735.3522
498.2683	498.2683	2603.9246
498.2793	498.2793	1516.8154
499.2275	499.2275	5665.7277
499.2637	499.2637	3523.3225
499.2998	499.2998	1245.116
500.2482	500.2482	1775.7764
500.2594	500.2594	2059.4147
500.2847	500.2847	1170.8954
500.3206	500.3206	6264.5586
501.2431	501.2431	10110.5297
501.2794	501.2794	3932.9839
502.2273	502.2273	5964.3964
502.2635	502.2635	2934.1379
502.2999	502.2999	3011.6784
503.2223	503.2223	1691.8919
503.2589	503.2589	4863.6846
503.2952	503.2952	3620.0435
504.2427	504.2427	5513.6362
504.2794	504.2794	1823.5328
505.2382	505.2382	4131.7618
505.2746	505.2746	2066.999
505.3108	505.3108	1627.73
506.2587	506.2587	4163.2151
506.3605	506.3605	2116.1792
507.2334	507.2334	1804.425
507.2538	507.2538	3960.983
507.2898	507.2898	1221.2192
508.2163	508.2163	1514.2731
508.2376	508.2376	1340.0775
508.2532	508.2532	1156.1611
509.2481	509.2481	2341.7208
509.2840	509.2840	1681.0831
510.2322	510.2322	5896.9368
510.2678	510.2678	2937.6381
511.2272	511.2272	1949.3588
511.2637	511.2637	4566.9787
512.2478	512.2478	4718.6154
512.2843	512.2843	1848.9344
513.2432	513.2432	3396.7988
513.2793	513.2793	3957.6152
513.3154	513.3154	2099.028
514.2636	514.2636	1518.3257
514.2739	514.2739	1563.5318
514.3002	514.3002	3226.01
515.2587	515.2587	6782.6386
515.2955	515.2955	2018.919
516.2427	516.2427	2170.8075
516.2542	516.2542	2530.5191
516.2793	516.2793	2121.5513
516.2906	516.2906	1598.7077
516.3154	516.3154	3050.7218
517.2383	517.2383	2745.5594
517.2744	517.2744	9185.72
517.3110	517.3110	3587.0309
517.3472	517.3472	1273.5683
518.2701	518.2701	3564.8303
518.2943	518.2943	1382.5053
519.2536	519.2536	11671.0972
519.2903	519.2903	4898.1819
519.3267	519.3267	1655.1805
520.2855	520.2855	1245.0169
521.2483	521.2483	1517.0588
521.2694	521.2694	1994.4717
522.2320	522.2320	804.2377
522.2429	522.2429	1234.0967
523.2279	523.2279	1355.5884
524.2480	524.2480	4660.0384
524.2838	524.2838	2252.5897
525.2430	525.2430	7064.4025
525.2644	525.2644	2081.8213
525.2793	525.2793	2350.5519
526.2631	526.2631	2024.6546
526.2748	526.2748	1988.8551
526.2998	526.2998	2718.2888
527.2586	527.2586	10250.5986
527.2949	527.2949	3991.5767
527.3308	527.3308	1885.7487
528.2424	528.2424	1363.8542
528.2540	528.2540	3225.8004
528.2901	528.2901	1857.7534
529.2746	529.2746	6981.0158
529.3107	529.3107	6759.0923
530.2697	530.2697	1242.8697
530.2953	530.2953	1509.5869
531.2536	531.2536	3963.9959
531.2902	531.2902	5625.1903
531.3266	531.3266	3905.5435
532.2858	532.2858	5639.6395
532.3218	532.3218	1462.7437
533.2439	533.2439	1535.2095
533.2693	533.2693	3324.951
533.3058	533.3058	3075.826
534.2646	534.2646	1906.6229
534.3013	534.3013	2147.8607
534.3380	534.3380	1336.0332
535.2274	535.2274	1825.9922
535.2481	535.2481	1696.8943
535.2855	535.2855	2879.1749
536.2689	536.2689	1236.3315
537.2799	537.2799	1394.8531
537.3146	537.3146	1232.8487
538.2635	538.2635	1308.6747
539.2591	539.2591	3588.2234
539.2946	539.2946	1287.2951
540.2428	540.2428	2423.3102
540.2537	540.2537	1730.5791
540.2906	540.2906	2597.1929
540.3259	540.3259	1204.4906
541.2382	541.2382	1965.1816
541.2748	541.2748	3312.6119
541.3111	541.3111	1482.6425
542.2695	542.2695	1629.9368
542.4907	542.4907	2275.1981
543.2899	543.2899	1994.6645
543.3264	543.3264	2756.4332
544.2858	544.2858	2713.3772
544.3216	544.3216	1238.716
545.2693	545.2693	3216.7324
545.3059	545.3059	3753.8394
545.3422	545.3422	2318.3737
546.3014	546.3014	4287.8752
547.2485	547.2485	4190.3526
547.2856	547.2856	3091.4759
547.3213	547.3213	1808.9792
548.2691	548.2691	1460.7207
548.2811	548.2811	2111.2625
548.2971	548.2971	1167.4811
548.3049	548.3049	1371.1057
549.2648	549.2648	1474.048
549.3009	549.3009	1854.6645
550.2966	550.2966	2415.8583
551.2945	551.2945	1169.1258
552.2793	552.2793	2389.9489
553.2383	553.2383	1876.2497
553.2596	553.2596	1347.8495
553.2743	553.2743	1995.0028
554.3070	554.3070	1228.7549
555.2534	555.2534	6705.079
555.2899	555.2899	3103.2389
556.2854	556.2854	1479.8201
556.3216	556.3216	1346.1729
557.2692	557.2692	2592.9583
557.3058	557.3058	4264.6603
558.3012	558.3012	2159.3725
559.2850	559.2850	4018.5564
559.3212	559.3212	4777.3995
560.2803	560.2803	4027.8647
560.3166	560.3166	4185.1567
561.3002	561.3002	1906.9622
562.2601	562.2601	2613.5023
562.2960	562.2960	1949.2834
562.3323	562.3323	1127.9921
563.2801	563.2801	2798.2649
565.2742	565.2742	1488.8168
565.3101	565.3101	2129.4133
566.2697	566.2697	1221.8987
566.3411	566.3411	2455.7625
567.2539	567.2539	2104.8869
567.2896	567.2896	1416.4257
569.2692	569.2692	3413.7882
569.3055	569.3055	2969.5217
570.2538	570.2538	1279.6357
570.3362	570.3362	1209.9316
571.2845	571.2845	1868.4059
571.2977	571.2977	1444.1363
571.3216	571.3216	1939.2052
572.2804	572.2804	8406.2196
572.3164	572.3164	4826.3454
573.2642	573.2642	1886.0388
573.3006	573.3006	3808.1823
573.3131	573.3131	1217.2377
573.3367	573.3367	2662.5632
573.3481	573.3481	1363.231
574.2969	574.2969	2815.3607
574.3323	574.3323	6948.42
575.2909	575.2909	1631.8092
575.3165	575.3165	1643.4423
576.2758	576.2758	1564.2908
576.3115	576.3115	1107.4322
576.3487	576.3487	1105.5228
577.2596	577.2596	1192.0813
578.3155	578.3155	1377.2002
579.2884	579.2884	1597.8622
580.2859	580.2859	1474.739
580.3569	580.3569	1146.2596
581.2694	581.2694	2235.1428
581.3053	581.3053	2072.5863
582.3005	582.3005	2147.1355
582.3371	582.3371	2006.5627
583.2849	583.2849	2501.0373
583.3210	583.3210	2337.0577
584.2806	584.2806	1586.972
584.3172	584.3172	1468.3972
585.2758	585.2758	2063.7125
585.3007	585.3007	1255.3361
585.3128	585.3128	1296.054
585.3373	585.3373	1720.3119
586.2957	586.2957	1824.9641
586.3323	586.3323	3272.1477
587.2912	587.2912	1427.9395
587.3527	587.3527	3177.5927
588.2753	588.2753	1684.5945
588.3118	588.3118	4650.0308
588.3482	588.3482	3199.2276
588.3841	588.3841	3290.4163
590.2565	590.2565	1328.105
590.3283	590.3283	1769.3758
591.3117	591.3117	1876.8451
593.2905	593.2905	2498.4052
594.3006	594.3006	1371.4672
595.2849	595.2849	1063.8425
595.3207	595.3207	2060.6715
596.2802	596.2802	1636.9278
598.2959	598.2959	5928.4813
598.3318	598.3318	1922.6004
599.3154	599.3154	1641.4559
599.3280	599.3280	1243.1032
600.3120	600.3120	2061.7047
600.3481	600.3481	3046.313
601.3070	601.3070	1285.022
601.3430	601.3430	1434.0981
602.2910	602.2910	1676.9589
602.3267	602.3267	1734.0029
603.3230	603.3230	1654.0057
603.3599	603.3599	1857.4399
604.3433	604.3433	1804.6955
605.3386	605.3386	5046.2097
606.2854	606.2854	1640.0676
606.3223	606.3223	1953.9748
607.3052	607.3052	1231.219
608.3016	608.3016	1776.6989
609.2637	609.2637	2673.7763
609.2855	609.2855	1522.7834
610.2596	610.2596	1118.9907
610.2965	610.2965	1768.9383
610.3328	610.3328	1115.9839
611.3635	611.3635	1796.6935
612.3110	612.3110	1666.0085
613.3435	613.3435	1474.6525
614.3268	614.3268	1668.4054
614.3632	614.3632	1811.4517
616.3066	616.3066	1691.609
616.3422	616.3422	1859.5341
617.3389	617.3389	2372.2006
618.3586	618.3586	2830.2426
619.3429	619.3429	1392.8073
619.3539	619.3539	3055.6795
620.3751	620.3751	1294.4004
621.2992	621.2992	1186.3922
622.3424	622.3424	1297.4868
622.3532	622.3532	1565.2546
623.3627	623.3627	1248.5354
625.3161	625.3161	1576.8136
625.3426	625.3426	1755.0568
625.3787	625.3787	1527.2891
626.2910	626.2910	2478.108
626.3116	626.3116	1305.609
627.2866	627.2866	1378.8572
627.3578	627.3578	1489.4203
628.3426	628.3426	2088.9715
628.3795	628.3795	1483.6547
629.3628	629.3628	2206.0103
630.3583	630.3583	1573.5586
631.3545	631.3545	2354.2312
632.3377	632.3377	4738.7622
633.3332	633.3332	1107.81
634.3322	634.3322	2958.8543
636.3818	636.3818	1162.1586
638.2922	638.2922	1914.2119
640.3069	640.3069	3040.391
640.3433	640.3433	1159.296
642.3228	642.3228	1844.9714
642.3572	642.3572	1447.8082
643.3174	643.3174	1350.8957
644.3500	644.3500	2110.2283
645.3340	645.3340	1451.5238
645.3693	645.3693	3919.8787
648.3692	648.3692	1231.0951
652.3064	652.3064	1617.8497
652.3448	652.3448	2676.3292
654.3578	654.3578	1601.4129
655.3186	655.3186	2834.2258
655.3537	655.3537	1367.5646
657.3700	657.3700	1362.5848
657.4052	657.4052	1790.2177
658.3531	658.3531	1808.6709
659.3126	659.3126	2092.8175
659.3485	659.3485	2078.5197
661.3654	661.3654	1841.8768
662.3494	662.3494	1441.9504
663.3470	663.3470	2314.0455
664.3065	664.3065	1262.5587
666.3221	666.3221	1355.1033
666.3581	666.3581	2027.3604
666.3684	666.3684	1084.6287
666.4840	666.4840	1301.3692
668.3382	668.3382	1595.6048
668.3863	668.3863	1573.2968
670.3536	670.3536	1302.7744
670.4009	670.4009	1467.8703
674.2891	674.2891	1502.8063
674.3478	674.3478	1270.0228
675.3798	675.3798	2011.4279
676.2903	676.2903	1184.5206
676.3898	676.3898	1322.6099
678.4038	678.4038	1134.9017
680.3131	680.3131	1436.2768
680.3369	680.3369	1455.4924
681.3558	681.3558	1291.2559
681.3693	681.3693	1251.3247
682.3537	682.3537	1411.4954
683.3492	683.3492	1213.6275
683.4209	683.4209	1295.2252
685.3288	685.3288	1116.3437
685.3645	685.3645	1742.7053
686.3744	686.3744	1091.2288
686.3841	686.3841	1423.9157
687.3450	687.3450	1431.7506
687.3791	687.3791	1741.4157
688.3758	688.3758	3810.0486
690.3924	690.3924	1388.829
691.3385	691.3385	1788.1555
693.3689	693.3689	1270.58
697.3646	697.3646	1214.6214
698.3331	698.3331	1568.8706
698.3954	698.3954	1380.9883
699.3790	699.3790	1242.231
700.3411	700.3411	1897.4127
701.3950	701.3950	2913.0531
702.3569	702.3569	1757.8243
702.3918	702.3918	1684.88
703.3754	703.3754	1252.1413
705.3903	705.3903	2014.1507
706.3647	706.3647	1410.0557
708.3688	708.3688	1369.8158
709.3279	709.3279	1401.6512
712.4114	712.4114	1351.1696
715.3390	715.3390	1658.9592
716.4071	716.4071	1572.3341
718.3729	718.3729	1157.0333
722.3592	722.3592	1100.4553
726.3543	726.3543	2271.2813
726.3909	726.3909	1576.5987
728.3727	728.3727	1223.1768
729.3902	729.3902	2946.6928
730.3865	730.3865	2162.6435
732.3679	732.3679	1102.5041
733.3988	733.3988	1304.6065
735.3446	735.3446	1130.2991
736.3622	736.3622	1244.5037
749.3601	749.3601	1158.3874
751.4121	751.4121	1336.7503
752.3705	752.3705	2339.8591
754.3854	754.3854	1693.0005
755.4065	755.4065	1316.6688
756.4009	756.4009	1617.2582
759.4168	759.4168	1793.8714
768.3893	768.3893	1286.3516
776.3910	776.3910	1208.2102
777.3898	777.3898	1917.2294
780.3653	780.3653	1272.2967
783.4494	783.4494	1662.6217
786.4573	786.4573	1391.3258
786.6007	786.6007	1117.8258
790.4442	790.4442	1141.9599
794.3438	794.3438	1111.9999
797.4167	797.4167	1452.6764
799.4438	799.4438	1486.4358
800.4267	800.4267	1892.8552
808.4319	808.4319	1518.4007
811.4308	811.4308	1294.5895
812.4325	812.4325	1075.0074
813.3992	813.3992	1173.9232
814.4077	814.4077	1275.3341
816.4710	816.4710	1140.1435
822.4124	822.4124	1152.8778
823.4074	823.4074	1141.6105
831.3988	831.3988	1759.9679
832.3990	832.3990	1139.0814
832.4557	832.4557	1040.1961
836.4115	836.4115	1209.0264
838.4618	838.4618	1149.527
842.4171	842.4171	1306.4273
847.4068	847.4068	1163.7878
848.4264	848.4264	1157.305
868.4672	868.4672	1635.4226
871.4645	871.4645	1297.7305
884.4958	884.4958	1106.4148
897.4770	897.4770	1226.158
908.4965	908.4965	1124.2652
943.4509	943.4509	1086.4923
1013.5387	1013.5387	1055.9497
1019.4882	1019.4882	1340.1377
1042.5745	1042.5745	1087.7541
1071.5498	1071.5498	1408.3265
1074.5947	1074.5947	1573.9223
1119.1418	1119.1418	1220.434
1127.7647	1127.7647	1230.8652
1128.5886	1128.5886	1491.556
1147.5875	1147.5875	1479.7222
1182.6034	1182.6034	1079.1566
1247.6942	1247.6942	1106.954
1251.6733	1251.6733	1180.936
1306.7327	1306.7327	1918.324
1307.7362	1307.7362	2294.6154
1445.7682	1445.7682	1653.2806
1678.5173	1678.5173	1805.8892
1680.4822	1680.4822	1386.2531
1736.4507	1736.4507	1139.2917
