150.9211	150.9211	99163.0033
152.0193	152.0193	13721.1315
152.0618	152.0618	140407.7516
152.9590	152.9590	546111.2674
153.0696	153.0696	28565.126
153.1020	153.1020	19076.377
154.0349	154.0349	60345.0277
154.0649	154.0649	64119.4818
154.1098	154.1098	175717.906
154.9548	154.9548	11157.2925
154.9689	154.9689	40533.4649
155.0189	155.0189	48242.7377
155.1176	155.1176	169229.4496
156.0029	156.0029	51187.3091
156.0393	156.0393	28229.3715
156.0806	156.0806	34562.6989
156.9982	156.9982	131631.6682
157.0346	157.0346	214777.0091
157.0758	157.0758	12218.6896
157.1333	157.1333	1169066.293
158.0060	158.0060	17142.6461
158.0186	158.0186	92205.6735
158.0550	158.0550	27139.1994
158.1366	158.1366	78762.0891
159.0138	159.0138	133635.2944
159.0502	159.0502	319710.9204
159.9979	159.9979	211494.0815
160.0026	160.0026	82383.2132
160.0342	160.0342	24180.9551
160.0706	160.0706	13307.5996
160.0754	160.0754	13165.6669
160.9990	160.9990	405672.3214
161.0295	161.0295	23667.371
161.0659	161.0659	79156.9902
162.0183	162.0183	5812459.986
162.9030	162.9030	10661.028
162.9409	162.9409	91633.2048
163.0146	163.0146	24336839.91
163.0212	163.0212	41840.3438
163.0537	163.0537	40253.0623
163.0837	163.0837	21406.7268
163.9361	163.9361	14237.7098
164.0179	164.0179	742650.4993
164.0224	164.0224	35095.8038
164.9202	164.9202	19151456.77
165.0188	165.0188	148753.2904
165.0283	165.0283	11847.1043
165.0695	165.0695	138811.4648
165.0994	165.0994	29793.986
165.9195	165.9195	116952.8165
165.9243	165.9243	14615.1407
166.0348	166.0348	14705.1849
166.0648	166.0648	30266.8017
166.0729	166.0729	10051.7257
166.8677	166.8677	9630.0923
166.9160	166.9160	813791.9486
166.9244	166.9244	120881.6267
166.9800	166.9800	155189.0243
167.0188	167.0188	15700.0903
167.0726	167.0726	62626.6202
168.0566	168.0566	28265.6108
168.0740	168.0740	11820.3357
168.0805	168.0805	25378.6816
168.9719	168.9719	59389.7045
168.9957	168.9957	42611.4109
168.9981	168.9981	35862.507
169.0345	169.0345	49369.5468
169.0645	169.0645	51029.4824
169.0757	169.0757	17124.7326
169.9797	169.9797	49595.6245
169.9855	169.9855	40397.4722
170.0059	170.0059	23490.6889
170.0185	170.0185	11301.8848
170.0297	170.0297	10780.1922
170.9809	170.9809	62478.6094
171.0001	171.0001	33129.5891
171.0137	171.0137	111375.4512
171.0501	171.0501	63556.43
171.9954	171.9954	10815.1167
171.9978	171.9978	57080.4777
172.0026	172.0026	37184.0621
172.0342	172.0342	89820.4658
172.0454	172.0454	15116.9813
172.0705	172.0705	31630.3585
172.9990	172.9990	185761.4141
173.0295	173.0295	487953.519
173.0659	173.0659	152331.1881
174.0135	174.0135	186421.343
174.0193	174.0193	135505.7995
174.0328	174.0328	10614.9138
174.0499	174.0499	16087.2055
174.9975	174.9975	10769.799
175.0146	175.0146	12997.9961
175.0451	175.0451	24886.4519
175.0815	175.0815	596066.2154
176.0291	176.0291	35227.0502
176.0404	176.0404	12340.3459
176.0618	176.0618	47213.6247
176.0848	176.0848	23383.7067
177.0158	177.0158	22307.9304
177.0244	177.0244	77436.2979
177.0303	177.0303	42895.4101
177.0632	177.0632	39501.3222
177.0696	177.0696	11046.3775
177.0744	177.0744	23929.7217
177.0995	177.0995	25765.2714
178.0236	178.0236	18423.8412
178.0584	178.0584	36781.505
178.0774	178.0774	56151.5695
178.9179	178.9179	32528.6231
178.9744	178.9744	80716.0128
178.9801	178.9801	252305.0689
179.0788	179.0788	22034.7281
179.9699	179.9699	10882.7498
180.0288	180.0288	173238.0277
180.0393	180.0393	56358.8785
180.0741	180.0741	14471.3711
180.0805	180.0805	25006.2073
180.8941	180.8941	18657.4039
180.8973	180.8973	180218.4034
180.9515	180.9515	116053.1415
180.9957	180.9957	28449.3272
181.0252	181.0252	853822.7976
181.0345	181.0345	16687.1993
181.9467	181.9467	11651.5893
181.9798	181.9798	34621.033
181.9855	181.9855	1218687.897
182.0285	182.0285	13291.6565
182.0297	182.0297	67076.0553
182.9308	182.9308	12921.2337
182.9889	182.9889	22505.0676
183.0114	183.0114	30724.7386
183.0138	183.0138	44613.9086
183.0502	183.0502	34196.8867
183.9814	183.9814	38271.4287
183.9955	183.9955	69301.1381
184.0002	184.0002	28710.5691
184.0342	184.0342	23229.1154
184.0455	184.0455	70092.7509
184.9907	184.9907	107132.8183
184.9931	184.9931	14467.6698
184.9966	184.9966	147898.9561
185.0295	185.0295	100486.2257
185.0659	185.0659	74634.0254
186.0111	186.0111	42790.2664
186.0193	186.0193	27348.6061
186.0499	186.0499	34745.5605
186.0611	186.0611	18600.0963
186.0635	186.0635	48745.025
186.9407	186.9407	10752.8659
186.9735	186.9735	18193.0161
187.0088	187.0088	10368.2316
187.0451	187.0451	136742.9331
187.0540	187.0540	17647.5968
187.0587	187.0587	24258.3049
187.0815	187.0815	173999.5156
188.0291	188.0291	41934.9314
188.0404	188.0404	15828.6579
188.9915	188.9915	52472.3863
189.0303	189.0303	41890.9257
189.0608	189.0608	24690.7967
189.0696	189.0696	64545.2908
189.0744	189.0744	13075.8064
189.0971	189.0971	37291.2201
190.0560	190.0560	12449.1657
190.0648	190.0648	10788.9369
191.0400	191.0400	59093.8579
191.0726	191.0726	16229.8629
191.0764	191.0764	17300.8693
191.0788	191.0788	39108.6046
192.0377	192.0377	9218.5343
192.0393	192.0393	27078.0241
192.0740	192.0740	37929.2247
192.1104	192.1104	13785.6131
192.9958	192.9958	61789.8694
193.0582	193.0582	10858.7639
193.0921	193.0921	85800.0623
193.0945	193.0945	31382.4741
194.0550	194.0550	13624.8298
194.0898	194.0898	43613.8972
195.0115	195.0115	43293.5883
195.9955	195.9955	71917.057
196.0012	196.0012	107234.5512
196.0455	196.0455	46087.2362
196.9850	196.9850	15425.5238
196.9907	196.9907	35271.4726
197.0295	197.0295	48156.48
197.0659	197.0659	18945.8358
197.9621	197.9621	110865.2986
198.0111	198.0111	24389.3431
198.0169	198.0169	14077.1315
198.0248	198.0248	22472.5547
198.0498	198.0498	13332.1027
198.0611	198.0611	30109.3997
199.0063	199.0063	54718.9214
199.0087	199.0087	100126.3182
199.0145	199.0145	20213.6616
199.0451	199.0451	274906.5377
199.0564	199.0564	54868.6037
199.0815	199.0815	51224.4319
199.9903	199.9903	124774.8464
200.0291	200.0291	57342.8766
200.0404	200.0404	52708.5704
200.0485	200.0485	11042.9889
200.0618	200.0618	16724.8583
201.0244	201.0244	35420.7786
201.0608	201.0608	135769.019
201.0745	201.0745	12074.1432
201.0972	201.0972	72808.3848
202.0060	202.0060	36175.3471
202.0108	202.0108	86006.9636
202.0131	202.0131	27921.4
202.0196	202.0196	18197.6748
202.0448	202.0448	59058.892
202.0560	202.0560	24396.9495
202.0774	202.0774	47731.315
202.9332	202.9332	66612.8499
203.0037	203.0037	23426.7329
203.0072	203.0072	422111.7242
203.0094	203.0094	159895.7885
203.0400	203.0400	20043.4838
203.0788	203.0788	11402.2784
203.0900	203.0900	21223.2554
204.0290	204.0290	490551.5543
204.0742	204.0742	37893.6889
204.0806	204.0806	15788.0209
204.9128	204.9128	92880.941
204.9515	204.9515	10688.1838
204.9959	204.9959	17682.0011
205.0253	205.0253	2177132.528
205.0322	205.0322	13605.703
205.0582	205.0582	63665.7402
205.0640	205.0640	22039.2078
205.0946	205.0946	31970.3403
206.0286	206.0286	84805.3481
206.0534	206.0534	16139.0869
206.0550	206.0550	14023.8254
206.0898	206.0898	14299.4622
206.9478	206.9478	60505.8838
207.0410	207.0410	11945.7109
207.0503	207.0503	21970.6505
208.0013	208.0013	46310.4839
208.0343	208.0343	42325.213
208.0456	208.0456	29488.6342
208.1055	208.1055	14537.4395
208.9966	208.9966	76773.0521
209.0408	209.0408	16568.4865
209.0660	209.0660	82907.0496
210.0112	210.0112	13619.2323
210.0248	210.0248	17384.0525
210.0500	210.0500	50237.2896
210.0612	210.0612	28309.0731
210.1211	210.1211	11543.2575
211.0064	211.0064	41833.5952
211.0088	211.0088	13006.4811
211.0452	211.0452	27872.5577
211.0565	211.0565	21335.5622
212.0166	212.0166	11600.0784
212.0268	212.0268	35727.5418
212.0405	212.0405	34307.6116
212.0769	212.0769	10240.5995
213.0221	213.0221	459770.7999
213.0244	213.0244	224908.0067
213.0609	213.0609	79178.9718
213.0697	213.0697	10360.6893
213.0973	213.0973	10640.2221
214.0061	214.0061	70733.542
214.0197	214.0197	19888.1572
214.0254	214.0254	12517.3105
214.0381	214.0381	66499.136
214.0449	214.0449	47636.9065
214.0561	214.0561	37943.3378
214.0585	214.0585	56248.97
215.0401	215.0401	25955.4494
215.0459	215.0459	13729.6623
215.0696	215.0696	36379.6769
215.0765	215.0765	128314.5879
215.0855	215.0855	12131.6899
216.0219	216.0219	61100.8491
216.0355	216.0355	57909.0611
216.0606	216.0606	38915.9679
216.0719	216.0719	72483.5206
217.0171	217.0171	10407.8972
217.0559	217.0559	76315.6086
217.0923	217.0923	760271.3879
218.0447	218.0447	54280.3164
218.0899	218.0899	11563.2202
218.0957	218.0957	44696.1719
218.9671	218.9671	12447.7476
219.0411	219.0411	250864.0387
219.0504	219.0504	13894.5323
219.0716	219.0716	27535.2027
219.0740	219.0740	74460.4027
219.0852	219.0852	10461.4856
219.1080	219.1080	131074.0722
219.1103	219.1103	31827.8079
220.0216	220.0216	79297.9654
220.0345	220.0345	13608.6449
220.0692	220.0692	113516.2937
220.1056	220.1056	49589.0408
220.9852	220.9852	42100.8684
220.9967	220.9967	60958.3351
221.0179	221.0179	367287.3485
221.0409	221.0409	15350.8778
221.0567	221.0567	16278.0267
221.0660	221.0660	23351.0305
222.0170	222.0170	10282.6135
222.0501	222.0501	22193.3918
222.0848	222.0848	100872.2489
222.1212	222.1212	18270.6989
223.0066	223.0066	87101.4639
223.0123	223.0123	860533.448
223.0359	223.0359	22527.0073
223.0453	223.0453	17297.1776
224.0017	224.0017	16195.0662
224.0157	224.0157	28257.3908
224.0405	224.0405	20884.726
224.9233	224.9233	17441.2779
224.9857	224.9857	25967.197
225.0081	225.0081	23759.9971
225.0222	225.0222	44506.6335
225.0246	225.0246	45575.1581
225.0280	225.0280	31116.2611
225.0358	225.0358	42153.6331
225.0609	225.0609	73350.8863
226.0062	226.0062	13315.4461
226.0110	226.0110	416314.4385
226.0562	226.0562	32180.3753
226.0776	226.0776	13112.9461
227.0074	227.0074	1813119.057
227.0379	227.0379	49519.7419
227.0402	227.0402	258727.5731
227.0460	227.0460	1252748.454
227.0766	227.0766	113942.2353
228.0074	228.0074	113414.3116
228.0106	228.0106	68252.0112
228.0354	228.0354	64182.66
228.0435	228.0435	15115.445
228.0493	228.0493	68124.0321
228.0538	228.0538	12506.2807
228.0718	228.0718	25713.4059
228.1106	228.1106	17402.9037
228.1275	228.1275	18378.1904
229.0038	229.0038	237963.7986
229.0418	229.0418	36716.557
229.0559	229.0559	40517.7895
229.0617	229.0617	15103.759
229.0923	229.0923	47205.9731
229.1287	229.1287	11754.6568
229.9082	229.9082	11169.0321
230.0512	230.0512	73752.7893
230.0763	230.0763	28626.8209
230.0875	230.0875	45986.8961
230.1263	230.1263	52841.4092
230.9093	230.9093	38564.751
231.0328	231.0328	88537.0123
231.0351	231.0351	159534.6914
231.0716	231.0716	63062.0529
231.0852	231.0852	39189.3005
232.0692	232.0692	16543.6046
232.1032	232.1032	107631.1581
233.0872	233.0872	55741.3918
233.1260	233.1260	38538.8997
234.0397	234.0397	37633.2539
234.0502	234.0502	60489.3091
234.0849	234.0849	43328.5539
234.1213	234.1213	30614.2031
235.0066	235.0066	64936.5513
235.0124	235.0124	143234.9699
235.0360	235.0360	174766.7311
235.0454	235.0454	29567.2072
235.0689	235.0689	21557.3851
235.1029	235.1029	104931.225
236.0020	236.0020	20018.0733
236.0204	236.0204	12791.3567
236.0554	236.0554	8344126.384
236.1005	236.1005	33985.3092
236.1370	236.1370	27419.1173
236.8558	236.8558	15837.9802
237.0228	237.0228	14724.693
237.0285	237.0285	149053.6759
237.0516	237.0516	33053646.65
237.0956	237.0956	28227.2899
238.0173	238.0173	18144.8078
238.0548	238.0548	2135885.097
238.0591	238.0591	49606.4778
239.0013	239.0013	60399.614
239.0378	239.0378	144321.494
239.0435	239.0435	1857859.01
239.0513	239.0513	13970.612
239.0557	239.0557	351726.5514
239.0581	239.0581	30696.82
239.0765	239.0765	15507.3741
239.1057	239.1057	68815.3656
240.0218	240.0218	12583.7961
240.0469	240.0469	98564.3029
240.0629	240.0629	13722.4876
240.0718	240.0718	29893.1405
240.1081	240.1081	52467.9676
240.9181	240.9181	79409.8911
241.0170	241.0170	34728.4303
241.0393	241.0393	61037.2933
241.0534	241.0534	80634.4889
241.0558	241.0558	90148.1406
241.0616	241.0616	46059.8226
241.0922	241.0922	35996.2415
241.1310	241.1310	35939.364
242.0375	242.0375	11388.7995
242.0510	242.0510	54590.6508
242.0874	242.0874	29911.9655
242.1238	242.1238	73128.426
242.9259	242.9259	18302.2727
242.9998	242.9998	17173.26
243.0409	243.0409	63514.954
243.0716	243.0716	25460.0825
243.0773	243.0773	1545059.056
243.0851	243.0851	87095.6285
243.1079	243.1079	11488.5504
243.1216	243.1216	18966.4371
244.0215	244.0215	967533.384
244.0668	244.0668	86859.2546
244.0806	244.0806	108008.4449
244.1032	244.1032	27340.2979
244.1056	244.1056	12386.3832
244.1395	244.1395	20027.4963
244.9966	244.9966	30367.6941
245.0179	245.0179	4020164.816
245.0507	245.0507	12462.672
245.0565	245.0565	311784.7579
245.0730	245.0730	49799.6813
245.0871	245.0871	22932.2599
245.1008	245.1008	97463.0361
245.1371	245.1371	116212.2256
246.0179	246.0179	68787.5513
246.0212	246.0212	172477.5512
246.0848	246.0848	21277.0823
246.0960	246.0960	15812.4334
246.1188	246.1188	10745.6127
246.1212	246.1212	33780.888
246.9403	246.9403	36877.8996
247.0142	247.0142	153361.0684
247.0221	247.0221	35967.5188
247.0800	247.0800	22682.7494
247.1528	247.1528	12918.0744
248.0269	248.0269	37653.456
248.0618	248.0618	10555.1747
248.0640	248.0640	75988.5046
248.0981	248.0981	39908.7095
248.1004	248.1004	84296.2489
248.1368	248.1368	55541.2057
249.0221	249.0221	47875.0975
249.0279	249.0279	48018.7203
249.0609	249.0609	38312.4722
249.0957	249.0957	24533.0336
250.0174	250.0174	39442.4515
250.0426	250.0426	41147.6706
250.0708	250.0708	14050.1262
250.0797	250.0797	16210.3909
250.1161	250.1161	10207.395
250.1525	250.1525	14257.5172
251.0014	251.0014	13157.1502
251.0072	251.0072	71231.9111
251.0435	251.0435	949084.7783
251.0672	251.0672	94036.9932
251.0766	251.0766	26417.5319
252.0330	252.0330	30050.3537
252.0469	252.0469	53553.8577
252.0718	252.0718	12742.3528
252.1082	252.1082	51154.568
252.1681	252.1681	10691.7472
252.9497	252.9497	10803.5874
253.0114	253.0114	71806.5088
253.0171	253.0171	86448.5122
253.0228	253.0228	834294.042
253.0393	253.0393	26174.4129
253.0535	253.0535	17846.189
253.0558	253.0558	24030.5137
253.0592	253.0592	140856.1282
253.0670	253.0670	13895.0754
253.0946	253.0946	25665.8089
253.1270	253.1270	19378.7612
253.1382	253.1382	13311.0027
254.0261	254.0261	36762.4528
254.0511	254.0511	25419.175
254.0874	254.0874	20943.2499
255.0185	255.0185	20869.2298
255.0326	255.0326	31969.5486
255.0384	255.0384	118657.5663
255.0691	255.0691	10431.8928
255.0715	255.0715	44157.2107
255.0738	255.0738	19878.8766
255.1078	255.1078	14639.6508
256.0555	256.0555	17509.2559
256.0667	256.0667	90943.7916
256.1031	256.1031	24478.77
257.0483	257.0483	22259.0147
257.0541	257.0541	23288.3202
257.0565	257.0565	15640.6429
257.0871	257.0871	16625.3484
257.0895	257.0895	12813.9252
257.1007	257.1007	14399.8367
257.1666	257.1666	53738.4868
258.0372	258.0372	134424.2894
258.0644	258.0644	164806.735
258.0824	258.0824	103881.6502
258.0961	258.0961	31875.8391
258.1188	258.1188	27913.9901
259.0335	259.0335	633717.2299
259.0722	259.0722	96316.9913
259.1029	259.1029	23133.713
260.0369	260.0369	24779.4289
260.1005	260.1005	15106.6876
260.1117	260.1117	164757.8492
260.8826	260.8826	19173.0489
261.0879	261.0879	2208391.561
261.0956	261.0956	19534.5962
262.0321	262.0321	98274.6754
262.0516	262.0516	60165.1254
262.0773	262.0773	14148.3927
262.0912	262.0912	157855.7845
262.1161	262.1161	47005.1374
262.1273	262.1273	22957.9058
262.1525	262.1525	19706.2056
262.9740	262.9740	14554.6078
263.0072	263.0072	33394.6333
263.0284	263.0284	426183.4185
263.0436	263.0436	106606.5795
263.0479	263.0479	135647.4593
263.0836	263.0836	72042.5165
263.0977	263.0977	19290.222
263.1113	263.1113	23795.8361
264.0954	264.0954	17373.6859
264.1318	264.1318	30634.5231
264.1681	264.1681	307424.1086
264.9158	264.9158	19661.5088
264.9783	264.9783	14566.6518
265.0228	265.0228	25176.2183
265.0535	265.0535	24723.0787
265.0560	265.0560	18009.1204
265.0592	265.0592	444739.6882
265.0906	265.0906	75259.9568
265.1270	265.1270	26346.2605
265.1715	265.1715	24848.1356
266.0487	266.0487	14364.1716
266.0511	266.0511	10084.2195
266.0625	266.0625	27352.3603
266.0875	266.0875	29359.9772
267.0327	267.0327	109056.9446
267.0385	267.0385	31633.1001
267.0621	267.0621	10246.3497
267.0691	267.0691	17434.8187
267.0715	267.0715	22138.6647
267.0748	267.0748	30098.254
267.1191	267.1191	25027.9951
268.0279	268.0279	21603.434
268.0667	268.0667	14802.2761
268.1031	268.1031	50922.2709
268.1419	268.1419	29513.4986
269.0483	269.0483	20731.7072
269.0541	269.0541	64135.4295
269.0871	269.0871	52745.0317
270.0436	270.0436	45740.4239
270.0459	270.0459	12637.5026
270.0800	270.0800	55317.6149
270.0824	270.0824	67126.906
270.1187	270.1187	38696.5021
270.9971	270.9971	10939.4994
271.0276	271.0276	21571.2331
271.0640	271.0640	11493.6547
271.0721	271.0721	12592.144
271.0800	271.0800	87843.4431
271.1028	271.1028	20870.4996
272.0956	272.0956	23741.2859
272.0980	272.0980	33214.8097
272.1004	272.1004	19476.9976
272.9198	272.9198	36727.395
273.0797	273.0797	20282.6527
273.0821	273.0821	14844.6097
273.0956	273.0956	12624.7321
273.1320	273.1320	36273.4743
274.0773	274.0773	17960.6958
274.1160	274.1160	18702.4137
274.1500	274.1500	26638.8773
274.9932	274.9932	65029.2542
276.0477	276.0477	32004.1412
276.1066	276.1066	13964.3779
276.1318	276.1318	49963.4216
277.0441	277.0441	153472.1836
277.0558	277.0558	13089.0616
277.1157	277.1157	12070.5371
277.1270	277.1270	13037.5838
278.1474	278.1474	21746.9842
278.1839	278.1839	10623.916
278.9940	278.9940	43918.0689
279.0385	279.0385	96539.2382
279.0716	279.0716	54836.233
279.1427	279.1427	48683.5724
280.0644	280.0644	25308.6415
280.9108	280.9108	199598.0853
281.0543	281.0543	2895975.58
281.0848	281.0848	13787.4845
281.0873	281.0873	10161.0463
282.0576	282.0576	207629.3407
282.0825	282.0825	24692.7924
282.8143	282.8143	13312.3795
283.0377	283.0377	12323.6246
283.0507	283.0507	91455.5133
283.0698	283.0698	34117068.04
284.0334	284.0334	171626.3896
284.0592	284.0592	18180.0857
284.0616	284.0616	128156.2105
284.0670	284.0670	142416.2765
284.0692	284.0692	139213.0319
284.0730	284.0730	2642112.566
284.0978	284.0978	35175.2761
284.1342	284.1342	13548.927
284.8899	284.8899	15309.4459
284.9890	284.9890	29090.2295
285.0297	285.0297	373232.5844
285.0654	285.0654	1365953.527
285.0738	285.0738	178467.7438
285.0763	285.0763	56727.8912
286.0331	286.0331	12187.6479
286.0688	286.0688	91228.5696
286.0772	286.0772	18485.9403
286.0908	286.0908	34829.3312
286.1135	286.1135	41259.6375
286.1160	286.1160	15945.2402
286.1500	286.1500	45136.6062
286.1524	286.1524	76148.7972
286.9158	286.9158	10437.9547
287.0066	287.0066	19801.0452
287.0724	287.0724	28001.3026
287.1088	287.1088	22285.7315
288.0905	288.0905	23511.778
288.0929	288.0929	30621.4395
288.1065	288.1065	62416.4557
288.1317	288.1317	11549.3735
290.0484	290.0484	1152.8547
290.0545	290.0545	1103.6846
290.1087	290.1087	1691.8916
290.1109	290.1109	3261.1421
290.1221	290.1221	8432.0901
290.1473	290.1473	34778.8048
290.1585	290.1585	112255.1836
290.1836	290.1836	1040.7713
290.8567	290.8567	98280.7376
290.9939	290.9939	3877.519
291.0621	291.0621	1148.0357
291.0691	291.0691	12447.2331
291.0716	291.0716	1819.8045
291.0747	291.0747	1308.4782
291.1061	291.1061	7579.2863
291.1079	291.1079	6699.3237
291.1314	291.1314	8077.6915
291.1425	291.1425	29576.8196
291.1506	291.1506	1050.6053
291.1620	291.1620	5199.4833
291.1790	291.1790	15307.3859
292.0642	292.0642	5910.3641
292.0699	292.0699	1367.49
292.0778	292.0778	2606.644
292.0938	292.0938	1414.5015
292.1014	292.1014	4457.1123
292.1265	292.1265	4215.1733
292.1630	292.1630	23876.9447
292.8525	292.8525	1509.3252
293.0095	293.0095	9087.573
293.0483	293.0483	7160.9812
293.0512	293.0512	1185.0511
293.0540	293.0540	4375.0975
293.0620	293.0620	4809.8565
293.0850	293.0850	2819.8049
293.0872	293.0872	1217.0837
293.0984	293.0984	1650.7333
293.1234	293.1234	20969.8943
293.1582	293.1582	21180.2297
294.0435	294.0435	2594.1174
294.0573	294.0573	1478.1824
294.0800	294.0800	10213.297
294.0824	294.0824	7492.5095
294.0856	294.0856	1444.4143
294.1170	294.1170	4408.3778
294.1211	294.1211	2343.2669
294.1423	294.1423	1699.4865
294.8904	294.8904	2414.0023
295.0335	295.0335	1489.5911
295.0640	295.0640	29791.4046
295.0698	295.0698	25608.5515
295.0775	295.0775	1158.6129
295.0833	295.0833	1073.5722
295.1025	295.1025	1388.1585
295.1140	295.1140	32423.0557
296.0229	296.0229	1765.9147
296.0593	296.0593	33208.4959
296.0650	296.0650	1248.9974
296.0675	296.0675	1989.0628
296.0730	296.0730	1040.001
296.0980	296.0980	15835.0516
296.1006	296.1006	3539.0353
296.1117	296.1117	6211.027
296.1344	296.1344	2252.8654
296.1369	296.1369	3037.6508
296.1732	296.1732	123980.0665
296.9444	296.9444	43661.0729
297.0490	297.0490	46802.16
297.0796	297.0796	4432.027
297.0853	297.0853	83949.8876
297.0957	297.0957	6478.6988
297.1210	297.1210	2353.6163
297.1296	297.1296	3316.4385
297.1765	297.1765	11315.0583
298.0297	298.0297	7694.478
298.0749	298.0749	5664.7869
298.0773	298.0773	8255.3164
298.0886	298.0886	3122.4621
298.0911	298.0911	3569.2491
298.1137	298.1137	17028.6558
298.1161	298.1161	6236.1414
298.1272	298.1272	1882.3326
298.1525	298.1525	11313.3734
299.0260	299.0260	78118.6972
299.0377	299.0377	1033.8925
299.0438	299.0438	6144.6151
299.0646	299.0646	2858.8707
299.0726	299.0726	4849.9588
299.0952	299.0952	1465.9596
299.1035	299.1035	1061.4149
299.1088	299.1088	1985.3688
299.1366	299.1366	6612.4193
299.1452	299.1452	6093.9118
299.1477	299.1477	130353.2535
300.0929	300.0929	4308.7913
300.0954	300.0954	4825.0663
300.1066	300.1066	43977.2425
300.1293	300.1293	10735.0504
300.1318	300.1318	1444.8868
300.1430	300.1430	4404.5923
300.1511	300.1511	8210.9452
300.1657	300.1657	4769.7504
300.1682	300.1682	1222.407
300.8849	300.8849	161367.5181
301.0476	301.0476	7030.448
301.0569	301.0569	48669.086
301.0803	301.0803	49674.482
301.0881	301.0881	126097.1637
301.1133	301.1133	4002.8659
301.1245	301.1245	6891.2006
301.1269	301.1269	6500.8758
301.1609	301.1609	27559.264
301.1633	301.1633	10226.4076
301.8845	301.8845	13080.4619
302.0269	302.0269	2408.2533
302.0440	302.0440	125048.8005
302.0722	302.0722	4260.9841
302.0858	302.0858	5935.8439
302.0915	302.0915	3660.3206
302.1085	302.1085	129498.7173
302.1222	302.1222	7690.0259
302.1474	302.1474	5038.1222
302.1587	302.1587	6360.3027
302.8818	302.8818	6323.3267
302.8926	302.8926	48997.3153
302.9665	302.9665	1600.1876
303.0233	303.0233	37190.7459
303.0361	303.0361	20671.5779
303.0404	303.0404	261184.4307
303.1078	303.1078	6483.4519
303.1119	303.1119	5037.8948
303.1426	303.1426	24999.0182
303.1790	303.1790	4484.0293
304.0256	304.0256	1486.1296
304.0438	304.0438	6751.9681
304.0620	304.0620	1943.2753
304.0667	304.0667	3329.0605
304.0917	304.0917	1080.0005
304.1015	304.1015	5769.3845
304.1241	304.1241	1587.1515
304.1267	304.1267	5960.9171
304.1630	304.1630	21136.7778
304.8722	304.8722	1751.3536
304.9460	304.9460	16847.826
305.0482	305.0482	909.6209
305.0510	305.0510	5490.0239
305.0587	305.0587	13295.3888
305.0868	305.0868	2126.4484
305.1107	305.1107	2096.2969
305.1218	305.1218	90700.2958
305.1331	305.1331	49028.5826
305.1580	305.1580	28418.5845
305.1946	305.1946	22059.905
306.0410	306.0410	1842.7185
306.0435	306.0435	13941.5885
306.0799	306.0799	5996.4393
306.0824	306.0824	2385.5944
306.1058	306.1058	1810.0062
306.1252	306.1252	2285.0603
306.1423	306.1423	7909.5867
306.1787	306.1787	3920.7397
306.8516	306.8516	831564.461
306.8719	306.8719	18626.0368
306.9070	306.9070	2972.0035
307.0251	307.0251	3314.8431
307.0639	307.0639	6435.7371
307.0698	307.0698	4998.0091
307.1139	307.1139	1805.6175
307.1375	307.1375	17278.9083
307.1487	307.1487	4873.1959
307.1739	307.1739	31321.5547
307.8509	307.8509	2222.9187
308.0206	308.0206	1800.0168
308.0592	308.0592	1498.9791
308.0650	308.0650	1383.5473
308.0699	308.0699	2550.9685
308.0728	308.0728	2189.9571
308.0886	308.0886	9568.4052
308.0956	308.0956	22154.7697
308.0982	308.0982	4429.756
308.1038	308.1038	3210.8473
308.1344	308.1344	107082.9515
308.1732	308.1732	1224.8063
308.8473	308.8473	61356.5726
308.8557	308.8557	2039.424
309.0661	309.0661	36477.649
309.0796	309.0796	42744.9482
309.0853	309.0853	12926.778
309.0931	309.0931	15083.4923
309.1295	309.1295	1531.7681
309.1377	309.1377	5326.2594
309.1405	309.1405	29210.6847
309.1530	309.1530	1462.7386
309.1895	309.1895	110359.4057
310.0103	310.0103	1897.6981
310.0748	310.0748	17904.9333
310.0774	310.0774	2730.4243
310.0807	310.0807	4611.6518
310.0885	310.0885	3915.6442
310.1135	310.1135	3600.3347
310.1162	310.1162	1580.1581
310.1499	310.1499	3234.1407
310.1525	310.1525	1996.1063
310.1736	310.1736	3134.2218
310.1929	310.1929	4559.3233
311.0067	311.0067	6176.7152
311.0282	311.0282	11384.6976
311.0882	311.0882	6396.2673
311.0953	311.0953	4437.8952
311.1006	311.1006	1451.487
311.1087	311.1087	1481.8479
312.0904	312.0904	11979.7756
312.0930	312.0930	9126.7078
312.0964	312.0964	7944.8233
312.1041	312.1041	4774.981
312.1066	312.1066	6357.3243
312.1292	312.1292	30020.3516
312.1405	312.1405	10305.7697
312.1680	312.1680	78544.4756
313.0440	313.0440	1680.2488
313.0802	313.0802	8334.7427
313.0881	313.0881	4407.8406
313.0993	313.0993	1139.2352
313.1099	313.1099	1022.4921
313.1244	313.1244	2684.873
313.1270	313.1270	2830.0885
313.1633	313.1633	8797.1258
313.1715	313.1715	3179.9758
314.0698	314.0698	2710.5626
314.0858	314.0858	12743.8064
314.1062	314.1062	8072.1863
314.1086	314.1086	1660.6563
314.1110	314.1110	8575.1642
314.1221	314.1221	169189.4943
314.1449	314.1449	13768.4481
314.1475	314.1475	2420.5596
314.1587	314.1587	4618.8419
315.1029	315.1029	30469.4897
315.1062	315.1062	2069.6723
315.1173	315.1173	5375.8555
315.1256	315.1256	11862.4792
315.1290	315.1290	3849.8616
315.1426	315.1426	7208.8505
315.1789	315.1789	2797.8338
316.0401	316.0401	11094.9522
316.1242	316.1242	2200.7645
316.1266	316.1266	2475.2483
316.1379	316.1379	15662.4306
316.1630	316.1630	65456.8322
316.1743	316.1743	79240.7578
317.0365	317.0365	82727.6538
317.0888	317.0888	1811.8935
317.1219	317.1219	13915.4229
317.1332	317.1332	2087.4809
317.1582	317.1582	11595.5832
317.1663	317.1663	2842.6136
317.1776	317.1776	3444.8956
318.1422	318.1422	1676.9332
318.1535	318.1535	4654.3695
318.1786	318.1786	4851.1028
318.8698	318.8698	2191.6375
318.9263	318.9263	1362.027
319.0640	319.0640	1112.4937
319.1025	319.1025	1248.4955
319.1376	319.1376	40387.1873
319.1739	319.1739	11805.8193
320.0546	320.0546	8062.4553
320.1216	320.1216	1578.4929
320.1329	320.1329	13317.0435
320.1580	320.1580	3467.6437
320.9032	320.9032	44502.6265
321.0466	321.0466	32389.2151
321.0511	321.0511	28637.1853
321.0795	321.0795	3493.7102
321.0855	321.0855	3836.1424
321.0900	321.0900	4004.8988
321.1184	321.1184	8809.34
321.1297	321.1297	5255.926
321.1532	321.1532	57998.443
321.1645	321.1645	1112.6713
321.1896	321.1896	35339.9248
321.8829	321.8829	2647.2872
322.0747	322.0747	4794.6861
322.0773	322.0773	15503.5691
322.0806	322.0806	3748.991
322.1161	322.1161	1606.1754
322.1372	322.1372	1871.3112
322.1483	322.1483	1782.3272
322.1565	322.1565	1168.3446
322.1928	322.1928	1080.829
322.8288	322.8288	2829.5821
322.8668	322.8668	127358.3322
322.8828	322.8828	15431.5382
322.9407	322.9407	1168.3801
323.0622	323.0622	425398.921
323.0700	323.0700	4193.3848
323.1338	323.1338	3668.1923
323.1478	323.1478	1080.1887
323.1688	323.1688	4525.0988
323.2052	323.2052	3022.4951
323.8664	323.8664	8706.3121
323.9169	323.9169	2154.3503
323.9214	323.9214	1947.0578
324.0260	324.0260	4196.7148
324.0541	324.0541	4818.9043
324.0656	324.0656	27027.1592
324.0905	324.0905	3299.8741
324.0931	324.0931	2838.0128
324.0961	324.0961	4695.96
324.1067	324.1067	2128.7584
324.1317	324.1317	7154.0512
324.1680	324.1680	5255.3892
324.8636	324.8636	2865.609
324.9176	324.9176	33472.09
324.9816	324.9816	6425.8081
325.0223	325.0223	17532.3949
325.0579	325.0579	6078.7718
325.0882	325.0882	1403.2089
325.1245	325.1245	5380.4636
325.1521	325.1521	52138.2252
326.0440	326.0440	2553.1692
326.0755	326.0755	1385.4107
326.1061	326.1061	18309.2372
326.1086	326.1086	4861.0366
326.1110	326.1110	47817.1077
326.1447	326.1447	1096.1104
326.1475	326.1475	3904.801
326.1556	326.1556	4271.1153
326.1586	326.1586	5335.9115
326.3779	326.3779	7890.9425
326.9219	326.9219	2352.9815
327.0405	327.0405	14586.4469
327.0984	327.0984	4075.5835
327.1038	327.1038	123957.1873
327.1145	327.1145	2818.2223
327.1401	327.1401	6777.1781
327.1678	327.1678	10287.0551
327.1764	327.1764	2757.664
327.1790	327.1790	17098.522
328.0881	328.0881	1500.253
328.1014	328.1014	1773.4342
328.1072	328.1072	6650.9825
328.1242	328.1242	2542.7639
328.1266	328.1266	4152.5759
328.1377	328.1377	4877.3534
328.1630	328.1630	3949.2863
328.1740	328.1740	1167.3292
328.9048	328.9048	1447.7866
329.1195	329.1195	3054.8422
329.1306	329.1306	28990.7253
329.1558	329.1558	1816.3005
329.1583	329.1583	3001.0284
329.1946	329.1946	29013.5521
330.1032	330.1032	1668.3855
330.1171	330.1171	53510.3103
330.1358	330.1358	2147.1851
330.1397	330.1397	7327.8254
330.1535	330.1535	3817.5107
330.1898	330.1898	19488.056
330.1980	330.1980	1136.7239
331.1123	331.1123	6078.5449
331.1205	331.1205	2166.8543
331.1375	331.1375	20966.5175
331.1414	331.1414	10084.3038
331.1487	331.1487	11330.4348
331.1714	331.1714	36738.5005
332.1327	332.1327	3435.1326
332.1555	332.1555	66175.5236
332.1692	332.1692	3757.5035
332.1749	332.1749	1187.7876
332.1943	332.1943	4616.2654
333.1167	333.1167	21697.6149
333.1531	333.1531	24848.2599
333.1588	333.1588	2589.4984
333.1895	333.1895	37682.8383
334.1042	334.1042	1058.1532
334.1138	334.1138	1669.0213
334.1371	334.1371	1501.1449
334.1487	334.1487	10228.1468
334.1735	334.1735	20981.8038
335.0233	335.0233	1229.6259
335.0695	335.0695	1120.1002
335.0920	335.0920	77792.8818
335.0953	335.0953	7035.83
335.1065	335.1065	1294.7728
335.1562	335.1562	28888.7062
335.1688	335.1688	12106.5317
335.2052	335.2052	148477.9478
336.0883	336.0883	773655.454
336.0928	336.0928	8519.2576
336.1317	336.1317	1305.5595
336.1529	336.1529	3090.0138
336.1640	336.1640	52598.4694
336.1892	336.1892	5447.8414
336.2085	336.2085	15903.689
336.9369	336.9369	18734.5937
337.0847	337.0847	1658976.557
337.0915	337.0915	52661.0136
337.1482	337.1482	1435.5752
337.1634	337.1634	2600.4115
338.0756	338.0756	1043.2485
338.0880	338.0880	131445.5886
338.0924	338.0924	1630.6977
338.1060	338.1060	1650.928
338.1116	338.1116	1976.5589
338.1197	338.1197	6471.593
338.1473	338.1473	170705.9332
338.1586	338.1586	6605.1981
338.1797	338.1797	4680.9494
338.9219	338.9219	1256.0877
339.0889	339.0889	13762.693
339.0957	339.0957	1452.5492
339.1077	339.1077	2364.4162
339.1174	339.1174	7464.3702
339.1379	339.1379	1769.2142
339.1426	339.1426	9170.9819
339.1507	339.1507	19915.3759
339.1789	339.1789	124188.6137
340.0912	340.0912	1055.8812
340.1015	340.1015	41274.0841
340.1266	340.1266	106430.0685
340.1629	340.1629	11825.2345
340.1742	340.1742	27804.4078
340.1823	340.1823	13222.4779
340.8774	340.8774	5171.004
341.0117	341.0117	1647.7596
341.0655	341.0655	1110.5199
341.1053	341.1053	2078.1989
341.1194	341.1194	3917.6837
341.1221	341.1221	3440.4444
341.1301	341.1301	11234.5409
341.1332	341.1332	3396.7672
341.1582	341.1582	11226.5796
342.1010	342.1010	5013.5918
342.1171	342.1171	18481.9172
342.1422	342.1422	12233.9707
342.1535	342.1535	9100.2679
342.1786	342.1786	36659.6864
342.1899	342.1899	5554.7011
343.0330	343.0330	5356.293
343.0741	343.0741	4006.0109
343.0934	343.0934	9553.1021
343.1122	343.1122	1956.2971
343.1351	343.1351	69709.4293
343.1462	343.1462	6860.4866
343.1714	343.1714	3226.422
343.1740	343.1740	3569.7418
343.1819	343.1819	1603.0588
343.9421	343.9421	4405.6288
344.0545	344.0545	13191.4934
344.1302	344.1302	4540.5547
344.1383	344.1383	2931.3487
344.1580	344.1580	1447.4786
344.1691	344.1691	51139.7485
344.2055	344.2055	72154.5804
344.8567	344.8567	1347.4631
344.9385	344.9385	64756.715
345.0510	345.0510	42892.0488
345.0820	345.0820	2007.3962
345.0897	345.0897	6839.9029
345.1279	345.1279	6968.3903
345.1506	345.1506	112592.4867
345.1644	345.1644	1898.826
345.1724	345.1724	1392.4054
345.1895	345.1895	2417.0326
345.2090	345.2090	2993.0905
346.1484	346.1484	9957.119
346.1531	346.1531	7619.7868
346.1846	346.1846	1415.4988
346.2212	346.2212	4112.4976
346.8995	346.8995	1259.0151
347.0045	347.0045	1089.2271
347.0428	347.0428	1815.472
347.0975	347.0975	1515.6564
347.1327	347.1327	7305.3118
347.1436	347.1436	3217.8665
347.1688	347.1688	24988.7924
347.1800	347.1800	2228.2934
347.2051	347.2051	18432.601
348.0623	348.0623	11893.5158
348.0929	348.0929	15820.963
348.1272	348.1272	7366.3311
348.1527	348.1527	8220.0823
348.1641	348.1641	20181.0418
349.0586	349.0586	72478.9071
349.0857	349.0857	7900.6738
349.1481	349.1481	11523.8784
349.1609	349.1609	1158.8452
349.1838	349.1838	18215.0446
349.2208	349.2208	22742.8184
350.0806	350.0806	1262.1028
350.1084	350.1084	1180.5452
350.1435	350.1435	8241.2293
350.1473	350.1473	24157.4212
350.1684	350.1684	14668.787
350.1796	350.1796	3996.8693
351.0186	351.0186	1121.731
351.0767	351.0767	9906.5979
351.1008	351.1008	2308.4321
351.1638	351.1638	4642.3827
351.1790	351.1790	4966.9879
351.2001	351.2001	3420.2972
352.0594	352.0594	2740.0168
352.0855	352.0855	2271.7012
352.0911	352.0911	1187.6251
352.1218	352.1218	5357.5891
352.1631	352.1631	3417.9611
353.0446	353.0446	1975.6305
353.0559	353.0559	37296.7211
353.1195	353.1195	3042.4191
353.1251	353.1251	1333.1949
353.1582	353.1582	16716.9968
353.1832	353.1832	1613.0399
354.1424	354.1424	4483.327
354.1535	354.1535	1972.1109
354.1898	354.1898	1054.1254
354.9531	354.9531	2092.2968
355.1120	355.1120	1864.2943
355.1350	355.1350	2729.0756
355.1376	355.1376	3515.3828
355.1738	355.1738	503453.4692
355.1850	355.1850	38539.3886
356.1338	356.1338	2447.5543
356.1691	356.1691	27745.1093
356.1772	356.1772	77101.2245
356.9111	356.9111	3187.797
357.0738	357.0738	12600.0582
357.1066	357.1066	3287.2339
357.1279	357.1279	212465.3223
357.1506	357.1506	36063.3563
357.1535	357.1535	5532.96
357.1642	357.1642	1593.9707
357.1895	357.1895	44662.2539
357.2007	357.2007	5298.0764
358.0702	358.0702	166396.1386
358.1119	358.1119	2543.9324
358.1313	358.1313	23562.1216
358.1483	358.1483	5667.3663
358.1540	358.1540	1136.1845
358.1735	358.1735	8157.2999
358.1847	358.1847	33946.3952
358.1928	358.1928	2212.3624
359.0666	359.0666	357764.9427
359.0735	359.0735	5634.9422
359.1436	359.1436	94607.6539
359.1688	359.1688	9800.1086
359.1800	359.1800	15284.7223
359.1883	359.1883	1156.3642
359.2050	359.2050	2884.2545
360.0699	360.0699	22458.0534
360.1245	360.1245	9832.0177
360.1469	360.1469	6432.7707
360.1641	360.1641	6718.2156
360.2003	360.2003	10628.3058
360.8516	360.8516	16054.1611
361.1209	361.1209	87225.9102
361.1482	361.1482	2628.8764
361.1594	361.1594	1661.8267
361.1844	361.1844	13334.1412
361.1959	361.1959	1316.075
361.2206	361.2206	1534.9235
362.1085	362.1085	10340.9141
362.1243	362.1243	1626.0335
362.1433	362.1433	37819.7073
362.1685	362.1685	1723.6904
362.1796	362.1796	9504.5072
362.2159	362.2159	3391.1032
362.8593	362.8593	124480.8317
363.0546	363.0546	3702.8748
363.1070	363.1070	2773.4527
363.1462	363.1462	1240.7801
363.1636	363.1636	2999.8608
363.1999	363.1999	5035.2421
363.8588	363.8588	7868.7531
364.1243	364.1243	5883.9608
364.1352	364.1352	1884.6321
364.1589	364.1589	36005.6951
364.1839	364.1839	2505.6848
364.1954	364.1954	6069.2076
364.8389	364.8389	1273.5395
364.8561	364.8561	5660.4222
365.0924	365.0924	1523.7974
365.1170	365.1170	11838.6388
365.1582	365.1582	7754.9428
365.1793	365.1793	6235.1614
365.2156	365.2156	1497.5045
366.0727	366.0727	2588.5114
366.1121	366.1121	1758.3545
366.1423	366.1423	5804.0087
366.1510	366.1510	2730.4782
366.1745	366.1745	3211.3563
366.1875	366.1875	1804.532
366.2111	366.2111	6072.1178
366.8739	366.8739	14042.7657
367.0519	367.0519	1668.8091
367.0691	367.0691	40846.779
367.1326	367.1326	7623.0518
367.1376	367.1376	3491.4861
367.1738	367.1738	57270.3156
367.1951	367.1951	2183.2529
368.0965	368.0965	2022.6154
368.1216	368.1216	3130.8432
368.1579	368.1579	17815.9276
368.1691	368.1691	2505.1247
368.1773	368.1773	3470.1518
369.0135	369.0135	2693.0719
369.1168	369.1168	5153.4453
369.1280	369.1280	1435.719
369.1616	369.1616	1641.9787
369.1895	369.1895	12493.2489
370.1098	370.1098	1670.3248
370.1735	370.1735	28443.2277
370.1847	370.1847	68140.5761
370.2100	370.2100	5202.4834
371.1322	371.1322	6471.5157
371.1435	371.1435	4531.2609
371.1687	371.1687	2090.9939
371.1801	371.1801	12304.704
371.1881	371.1881	3431.0172
372.1317	372.1317	1532.5635
372.1640	372.1640	2066.1178
372.2004	372.2004	21537.3379
373.1165	373.1165	1367.5672
373.1456	373.1456	18475.4457
373.1591	373.1591	2918.9159
373.1844	373.1844	8958.9049
373.1957	373.1957	76872.3681
373.2207	373.2207	9435.7691
374.1434	374.1434	6518.5513
374.1477	374.1477	2617.0975
374.1545	374.1545	49738.3423
374.1796	374.1796	5882.9847
374.1991	374.1991	3764.6838
374.2159	374.2159	6642.0186
375.0843	375.0843	12947.0219
375.1384	375.1384	2242.134
375.1510	375.1510	1151.571
375.1637	375.1637	4538.6821
375.2000	375.2000	16928.3808
375.2113	375.2113	14313.9641
376.0807	376.0807	172678.4844
376.0878	376.0878	2418.5748
376.1588	376.1588	5838.9566
376.1629	376.1629	2075.6398
376.1703	376.1703	1368.6614
376.1953	376.1953	4907.7022
377.0771	377.0771	363694.6831
377.0840	377.0840	7184.6083
377.1190	377.1190	1827.7304
377.1428	377.1428	1833.937
377.1544	377.1544	4375.0492
377.1666	377.1666	1103.1819
377.1794	377.1794	8913.2344
377.2157	377.2157	12147.1389
378.0805	378.0805	28219.1213
378.1013	378.1013	1257.7407
378.1510	378.1510	2030.2449
378.1747	378.1747	3317.4045
378.2110	378.2110	9456.4133
378.9826	378.9826	2878.3985
379.0989	379.0989	1928.8942
379.1099	379.1099	5761.3096
379.1327	379.1327	5627.472
379.1700	379.1700	4035.7146
380.0909	380.0909	8964.4579
380.1166	380.1166	1977.5358
380.2266	380.2266	1754.3842
381.0872	381.0872	76904.9737
381.1254	381.1254	1327.3829
381.1532	381.1532	8802.7737
381.1856	381.1856	14035.8399
381.1896	381.1896	3372.9409
381.2106	381.2106	1209.5635
382.1065	382.1065	504157.3119
382.1735	382.1735	33088.8202
382.1848	382.1848	15562.5706
383.1029	383.1029	2299811.097
383.1098	383.1098	19203.2958
383.1323	383.1323	6643.4652
383.1688	383.1688	217615.1394
383.1800	383.1800	16964.7484
383.2051	383.2051	1493.9059
384.0905	384.0905	2477.9519
384.1022	384.1022	14806.3563
384.1061	384.1061	217294.1917
384.1389	384.1389	9195.5243
384.1528	384.1528	12881.6293
384.1640	384.1640	2797.9176
384.1720	384.1720	30841.2986
384.1891	384.1891	23742.2144
384.2003	384.2003	12173.9042
384.8492	384.8492	20170.911
384.8842	384.8842	1199.2495
385.0986	385.0986	77470.0604
385.1071	385.1071	11577.8793
385.1229	385.1229	26324.5123
385.1431	385.1431	56718.9974
385.1480	385.1480	9580.0675
385.1593	385.1593	11174.6126
385.1844	385.1844	14156.7718
385.1957	385.1957	18021.5402
385.9526	385.9526	1679.8852
386.1021	386.1021	1733.7739
386.1468	386.1468	1937.9026
386.1520	386.1520	17015.2012
386.1685	386.1685	2018.5205
386.1796	386.1796	3243.4411
386.2161	386.2161	2471.6632
386.9490	386.9490	32364.2612
387.1386	387.1386	4257.7218
387.1612	387.1612	12036.6969
387.1749	387.1749	5500.0202
387.2000	387.2000	14375.7775
387.2114	387.2114	2787.91
388.1591	388.1591	1318.5752
388.1839	388.1839	1029.0539
388.1954	388.1954	3459.8511
389.0510	389.0510	2238.4184
389.1115	389.1115	7307.6022
389.1768	389.1768	1630.5734
389.1904	389.1904	3251.8011
389.2156	389.2156	9409.9304
389.2269	389.2269	32137.7731
390.1386	390.1386	4590.9011
390.1506	390.1506	1040.2525
390.1746	390.1746	13014.2257
390.2110	390.2110	6590.3089
391.0986	391.0986	2325.2869
391.1585	391.1585	2229.0808
391.1623	391.1623	1020.6155
391.1698	391.1698	19711.6387
391.1739	391.1739	13118.2637
391.1949	391.1949	15516.789
391.2312	391.2312	5466.5354
392.1546	392.1546	4258.779
392.1666	392.1666	3214.1147
392.1776	392.1776	8616.5466
392.1904	392.1904	2689.1873
392.2266	392.2266	14875.9059
393.1139	393.1139	1671.2592
393.1744	393.1744	2670.2756
393.1854	393.1854	25355.9791
393.2106	393.2106	340534.4162
394.1735	394.1735	1976.8419
394.2139	394.2139	50921.2121
394.2422	394.2422	2112.6479
395.1275	395.1275	1548.5283
395.1689	395.1689	15545.3022
395.1800	395.1800	1814.8464
395.1897	395.1897	2093.2396
396.1638	396.1638	1035.6379
396.1891	396.1891	72434.5743
396.2004	396.2004	1667.4395
397.1481	397.1481	13547.05
397.1844	397.1844	19192.6524
397.1926	397.1926	4020.9497
398.0627	398.0627	11759.6552
398.1409	398.1409	1810.3005
398.1797	398.1797	24051.8456
398.2048	398.2048	11534.1086
398.2160	398.2160	48023.1357
398.8649	398.8649	1009.6646
399.0591	399.0591	40212.375
399.1637	399.1637	2832.0392
399.1748	399.1748	15587.5289
399.2001	399.2001	44268.6001
399.2114	399.2114	10470.4576
399.2195	399.2195	1272.8333
400.1337	400.1337	25068.8133
400.1565	400.1565	30069.2344
400.1630	400.1630	24119.8957
400.1953	400.1953	660433.782
400.2065	400.2065	21810.209
400.2317	400.2317	3275.3932
400.8441	400.8441	78145.1046
401.1539	401.1539	1275.6891
401.1593	401.1593	1499.4518
401.1664	401.1664	1222.9147
401.1793	401.1793	25093.8758
401.1906	401.1906	42243.313
401.1986	401.1986	109576.4172
401.2157	401.2157	6986.3803
401.2268	401.2268	4507.4286
401.8437	401.8437	4558.6787
402.1494	402.1494	53937.0934
402.1722	402.1722	7738.0373
402.1861	402.1861	1425.4527
402.1938	402.1938	1642.1499
402.2022	402.2022	1320.8421
402.2108	402.2108	3629.6115
402.8409	402.8409	2042.5477
402.8517	402.8517	1819.3451
403.1041	403.1041	1056.9405
403.1525	403.1525	3103.4904
403.1700	403.1700	1499.2614
403.1950	403.1950	12724.3231
403.2062	403.2062	17045.3407
404.1548	404.1548	2050.5344
404.1652	404.1652	6722.0826
404.1902	404.1902	8498.8431
404.2266	404.2266	4238.1517
405.0849	405.0849	5009.5736
405.1095	405.1095	23127.2709
405.1505	405.1505	9694.2025
405.1617	405.1617	1509.1557
405.1678	405.1678	14158.4864
405.1745	405.1745	2124.9039
405.1856	405.1856	4442.1422
405.2107	405.2107	1985.2956
406.2059	406.2059	2100.3076
406.2422	406.2422	2746.2374
407.1047	407.1047	2835.7438
407.1250	407.1250	11415.0525
407.1409	407.1409	1108.7212
407.1647	407.1647	3098.1577
407.2014	407.2014	1419.1484
407.2261	407.2261	1574.7008
408.2003	408.2003	2536.1942
409.1432	409.1432	4209.7582
409.1844	409.1844	18273.294
409.1956	409.1956	21263.2001
409.2419	409.2419	1550.7713
410.2048	410.2048	14022.3544
411.1638	411.1638	12370.0434
411.1749	411.1749	1527.1919
411.1999	411.1999	7127.7574
411.2115	411.2115	4562.7822
412.1587	412.1587	3211.7182
412.1671	412.1671	1152.9169
412.1840	412.1840	6155.5396
412.1953	412.1953	60594.814
412.2206	412.2206	3592.5067
413.0397	413.0397	39167.8907
413.1769	413.1769	33070.2785
413.1905	413.1905	31631.5703
413.1984	413.1984	2436.0679
413.2157	413.2157	10125.4916
413.2270	413.2270	3595.861
414.0434	414.0434	1166.9704
414.1743	414.1743	2209.3779
414.1794	414.1794	1666.4246
414.1938	414.1938	1670.3358
414.2109	414.2109	5393.7548
415.1926	415.1926	11911.9247
415.2062	415.2062	12883.7195
415.2314	415.2314	7548.4985
415.2425	415.2425	22686.7094
416.0731	416.0731	2220.4848
416.1902	416.1902	3698.3659
416.2015	416.2015	8588.5781
416.2266	416.2266	10168.3065
417.0696	417.0696	12544.8694
417.1721	417.1721	1202.533
417.1853	417.1853	4015.6826
417.2081	417.2081	2727.0913
417.2216	417.2216	2829.2785
418.2058	418.2058	4260.7673
418.2171	418.2171	98568.396
418.2423	418.2423	3654.5237
418.9752	418.9752	15293.2369
419.1649	419.1649	3581.1992
419.1691	419.1691	1796.1529
419.1760	419.1760	5739.8716
419.1899	419.1899	5644.2338
419.2014	419.2014	3264.2602
419.2205	419.2205	9907.4269
419.2261	419.2261	1454.6951
420.1851	420.1851	1945.7685
420.2214	420.2214	7051.6069
421.0794	421.0794	1113.0595
421.1377	421.1377	3293.3691
421.1805	421.1805	1486.3451
421.2055	421.2055	68598.4393
422.0989	422.0989	16736.0765
422.1756	422.1756	6026.0169
422.2009	422.2009	2820.4959
422.2090	422.2090	3338.1827
422.8260	422.8260	107672.23
422.9852	422.9852	5792.9955
423.0953	423.0953	99784.0239
423.1725	423.1725	4125.4607
423.1998	423.1998	4664.153
423.8257	423.8257	12032.6932
424.0590	424.0590	1376.4509
424.0987	424.0987	4631.0475
424.1313	424.1313	14752.5465
424.1541	424.1541	6981.6415
424.1953	424.1953	16529.5622
424.2205	424.2205	39757.6024
424.8228	424.8228	5203.5091
425.0009	425.0009	96351.3565
425.0555	425.0555	2846.2629
425.1542	425.1542	1078.2829
425.1793	425.1793	42074.0685
425.1905	425.1905	5327.9368
425.2157	425.2157	7743.38
425.2236	425.2236	1126.4629
425.2271	425.2271	1387.7314
426.1828	426.1828	2272.2353
426.1864	426.1864	1025.6183
426.2109	426.2109	231169.3577
426.2361	426.2361	5332.9587
427.1949	427.1949	37390.4839
427.2062	427.2062	60373.2776
427.2143	427.2143	41749.1941
427.2310	427.2310	1382.5914
428.1517	428.1517	2979.237
428.1652	428.1652	5136.0074
428.1903	428.1903	2028.8989
428.2015	428.2015	13549.2938
428.2096	428.2096	3977.2017
429.1604	429.1604	6495.6854
429.1738	429.1738	2323.1098
429.1855	429.1855	1469.4428
429.2106	429.2106	9545.9186
429.2218	429.2218	27753.9147
429.2470	429.2470	1471.6098
429.2581	429.2581	1102.6915
430.1672	430.1672	3706.2277
430.1807	430.1807	2164.7612
430.2061	430.2061	2294.1365
430.2171	430.2171	3172.3881
430.2253	430.2253	1071.0663
430.9880	430.9880	4382.7415
431.1763	431.1763	1657.7714
431.1875	431.1875	24731.4483
431.2012	431.2012	1153.6574
431.2377	431.2377	5826.0363
432.1908	432.1908	2385.6186
432.2214	432.2214	4472.1977
432.7879	432.7879	2404.793
433.1032	433.1032	1426.074
433.1803	433.1803	1242.5504
433.2167	433.2167	1461.1654
434.2370	434.2370	3589.7346
435.1675	435.1675	3872.4756
435.1726	435.1726	1117.4178
435.2001	435.2001	1945.4072
435.2214	435.2214	1680.0651
435.2328	435.2328	1405.9554
436.1837	436.1837	1232.6976
436.1912	436.1912	1476.9386
436.2165	436.2165	1138.4136
437.1382	437.1382	5181.9001
437.1745	437.1745	9608.7999
437.1792	437.1792	1944.419
437.1834	437.1834	2304.8424
437.1992	437.1992	5986.1679
438.1859	438.1859	2582.4389
438.2109	438.2109	29343.8077
438.2321	438.2321	81873.8266
438.2366	438.2366	2053.9019
438.8288	438.8288	1333.7814
439.1950	439.1950	11101.4452
439.2314	439.2314	4680.4213
439.2356	439.2356	4581.4082
440.1529	440.1529	2191.2211
440.1900	440.1900	1471.3864
440.2015	440.2015	3862.3737
440.2266	440.2266	22442.3372
440.2517	440.2517	11040.4097
441.1854	441.1854	7803.7323
441.2106	441.2106	21435.2023
441.2217	441.2217	7838.6068
441.2470	441.2470	9681.8847
442.1694	442.1694	1656.9103
442.1807	442.1807	54093.5906
442.2059	442.2059	8293.9464
442.2172	442.2172	6880.3407
442.2422	442.2422	1489.3654
443.1837	443.1837	2481.9003
443.1876	443.1876	8874.2896
443.2011	443.2011	13197.8195
443.2261	443.2261	1505.3311
443.2375	443.2375	12451.1395
444.1837	444.1837	1394.8778
444.1891	444.1891	1548.8521
444.1963	444.1963	11708.0714
444.2215	444.2215	26038.7874
444.2327	444.2327	120274.8585
444.8159	444.8159	5447.9117
444.9670	444.9670	5014.0664
445.0772	445.0772	4259.134
445.1845	445.1845	5896.3658
445.1919	445.1919	1418.4974
445.2167	445.2167	6219.3747
445.2361	445.2361	16994.1295
446.1771	446.1771	1827.6123
446.2119	446.2119	1705.1933
446.2371	446.2371	3395.6255
446.2483	446.2483	1643.8372
446.9829	446.9829	44152.9014
447.2008	447.2008	1046.7233
448.7827	448.7827	28834.5648
449.1769	449.1769	5669.1357
449.1881	449.1881	2280.1917
449.2480	449.2480	13248.905
450.1469	450.1469	3432.7396
450.1892	450.1892	2288.9148
450.2109	450.2109	3801.1341
450.2323	450.2323	1227.8707
451.1142	451.1142	1152.546
451.1540	451.1540	1161.4769
451.1950	451.1950	4787.2803
452.1490	452.1490	3800.9859
452.1625	452.1625	1031.2512
452.1900	452.1900	4236.0164
452.1943	452.1943	2117.9468
452.2011	452.2011	2243.427
452.2261	452.2261	1069.8839
453.2106	453.2106	99742.0487
453.2471	453.2471	2911.895
454.1802	454.1802	1432.7508
454.2058	454.2058	26506.6958
454.2138	454.2138	8622.5276
454.2174	454.2174	9197.6912
455.1899	455.1899	2630.2475
455.2012	455.2012	5233.0539
455.2263	455.2263	14309.5553
455.2374	455.2374	5051.4137
455.2626	455.2626	32678.7844
456.1964	456.1964	23838.1792
456.2215	456.2215	19775.6102
456.2324	456.2324	2102.5358
456.2661	456.2661	2780.7656
457.1778	457.1778	1853.3813
457.2053	457.2053	2040.5356
457.2167	457.2167	6650.4199
457.2531	457.2531	1398.6761
458.1034	458.1034	2865.7865
458.1943	458.1943	2662.5043
458.2120	458.2120	48676.91
458.2371	458.2371	6505.8071
458.2482	458.2482	4048.9678
458.9678	458.9678	1025.0571
459.0997	459.0997	5543.2282
459.1562	459.1562	1495.5578
459.1715	459.1715	1496.2203
459.1781	459.1781	1842.0835
459.2005	459.2005	1286.5954
459.2152	459.2152	2051.3417
459.2324	459.2324	4998.2804
460.2141	460.2141	12629.5343
460.2276	460.2276	5517.7214
460.2529	460.2529	1971.4443
460.8108	460.8108	36410.7997
461.2121	461.2121	1096.2436
461.2480	461.2480	10608.1006
461.8106	461.8106	1942.6927
462.1962	462.1962	1100.2579
462.2323	462.2323	1713.4219
462.8185	462.8185	1346.5318
463.2636	463.2636	2009.1716
464.2115	464.2115	1373.6771
464.2478	464.2478	6752.5985
464.9934	464.9934	37903.3877
465.1694	465.1694	982.2689
465.2104	465.2104	1160.137
465.2218	465.2218	14345.3017
466.2058	466.2058	54870.8092
466.2169	466.2169	1673.5642
466.2261	466.2261	1162.8789
467.0591	467.0591	8492.3504
467.2011	467.2011	1584.2608
467.2091	467.2091	4425.0425
467.2263	467.2263	20244.1348
467.2375	467.2375	13004.1991
468.1961	468.1961	2302.7949
468.2215	468.2215	43040.1951
468.2830	468.2830	2762.1833
469.2057	469.2057	1571.4302
469.2168	469.2168	6724.293
469.2250	469.2250	2643.4422
469.2419	469.2419	20864.4242
469.2532	469.2532	4891.6566
470.2007	470.2007	6298.4393
470.2120	470.2120	70110.7294
470.2371	470.2371	12608.7735
471.1998	471.1998	1115.1586
471.2073	471.2073	8838.7312
471.2154	471.2154	5069.7105
471.2209	471.2209	11743.0697
471.2324	471.2324	4869.1589
472.2161	472.2161	2254.3948
472.2277	472.2277	60398.7756
473.2229	473.2229	52296.4785
473.2309	473.2309	4003.7007
473.2480	473.2480	21414.8663
474.1404	474.1404	1511.1346
474.2262	474.2262	2278.3167
474.2432	474.2432	4830.0132
475.1926	475.1926	34837.4355
475.2278	475.2278	1727.1298
475.2384	475.2384	2799.1903
475.2637	475.2637	6542.31
476.1900	476.1900	965.4193
476.1963	476.1963	2281.5754
476.2049	476.2049	1179.7161
476.2592	476.2592	1507.5
477.2082	477.2082	7896.1297
477.2794	477.2794	17838.6201
478.1923	478.1923	2879.2114
478.2061	478.2061	2438.4517
480.0854	480.0854	9087.7039
480.1886	480.1886	1812.3754
480.2214	480.2214	4070.4663
480.2326	480.2326	1694.8335
481.0818	481.0818	13951.1352
481.2056	481.2056	3231.3219
481.2167	481.2167	45609.6487
481.2420	481.2420	11339.25
482.1959	482.1959	11538.106
482.2007	482.2007	6026.3438
482.2120	482.2120	3049.3806
482.2202	482.2202	2315.8874
482.2365	482.2365	3724.8754
482.7927	482.7927	2549.4986
483.2077	483.2077	3848.0602
483.2324	483.2324	1280520.183
483.2575	483.2575	10605.8603
483.2690	483.2690	1571.496
483.2938	483.2938	9971.0358
484.1912	484.1912	2669.849
484.2165	484.2165	14820.0904
484.2287	484.2287	23152.2022
484.2357	484.2357	268485.3433
484.2527	484.2527	2175.4913
485.2232	485.2232	6721.1906
485.2389	485.2389	15509.4328
485.2480	485.2480	113981.602
485.2730	485.2730	1466.5893
486.2069	486.2069	6588.0182
486.2113	486.2113	2696.555
486.2314	486.2314	13444.7188
486.2433	486.2433	5601.8459
486.2514	486.2514	18335.8285
487.1950	487.1950	6670.4293
487.2021	487.2021	3194.2307
487.2385	487.2385	19578.7486
487.2432	487.2432	3784.62
487.2635	487.2635	1288.5655
488.1988	488.1988	11749.3893
488.2226	488.2226	8936.0729
488.2469	488.2469	1783.7395
488.2588	488.2588	4838.6383
489.0845	489.0845	1900.9377
489.2102	489.2102	4683.3097
489.2540	489.2540	1632.1779
490.1839	490.1839	1515.2352
490.2141	490.2141	2464.3259
490.9895	490.9895	1375.542
491.2236	491.2236	2041.1018
492.1823	492.1823	1032.5265
492.1940	492.1940	10695.9244
492.1997	492.1997	3396.281
492.2217	492.2217	1004.4439
493.2035	493.2035	2551.8483
493.2167	493.2167	5614.8049
494.1662	494.1662	1611.3632
494.2003	494.2003	5757.7373
494.2050	494.2050	9635.4291
494.2098	494.2098	1408.5471
494.2372	494.2372	1582.4057
495.2324	495.2324	107690.3732
495.2574	495.2574	37979.8723
496.1360	496.1360	1957.6306
496.2162	496.2162	9730.3547
496.2278	496.2278	2111.9169
496.2357	496.2357	17534.644
496.2526	496.2526	4729.9161
496.2614	496.2614	2286.6132
497.1321	497.1321	40109.1881
497.1746	497.1746	3187.0377
497.2230	497.2230	7375.0946
497.2481	497.2481	24469.7719
497.2732	497.2732	5231.336
498.2070	498.2070	6724.3387
498.2319	498.2319	23288.3587
498.2433	498.2433	39196.2524
498.2764	498.2764	1022.0742
499.1903	499.1903	1035.2222
499.2021	499.2021	14958.0378
499.2272	499.2272	9235.4745
499.2386	499.2386	5622.5737
499.2636	499.2636	2653.1647
500.2223	500.2223	2181.5345
500.2588	500.2588	2252.0947
500.2840	500.2840	6049.7989
500.8033	500.8033	28264.1156
501.2178	501.2178	23092.7167
501.2429	501.2429	6154.808
501.2545	501.2545	1698.728
501.8028	501.8028	1164.5415
502.2058	502.2058	1723.3739
502.2381	502.2381	1756.0051
502.2533	502.2533	12279.2208
502.2745	502.2745	1417.1772
503.2334	503.2334	6236.7951
503.2582	503.2582	7330.787
504.1217	504.1217	2651.6491
504.1775	504.1775	1209.7776
504.2215	504.2215	4475.879
505.1181	505.1181	7707.0229
505.2750	505.2750	5408.9832
507.2004	507.2004	1043.3631
508.1408	508.1408	1342.3167
508.2115	508.2115	1770.2241
508.2528	508.2528	3330.4546
509.1767	509.1767	2578.018
509.2155	509.2155	16397.5279
509.2482	509.2482	3890.7898
509.2733	509.2733	36679.8722
510.2189	510.2189	1625.4321
510.2321	510.2321	10740.7233
510.2433	510.2433	18790.9063
510.2685	510.2685	8486.6325
510.2767	510.2767	2164.7469
511.2273	511.2273	281089.025
511.2376	511.2376	1593.1631
511.2889	511.2889	8491.641
512.2112	512.2112	6302.7516
512.2234	512.2234	4386.0859
512.2306	512.2306	57226.6763
512.2478	512.2478	6171.9345
512.2589	512.2589	7085.2215
512.2840	512.2840	11573.9618
513.2179	513.2179	9087.2175
513.2332	513.2332	2387.6197
513.2430	513.2430	17372.3134
513.2542	513.2542	2707.5676
513.3045	513.3045	2214.9108
514.2064	514.2064	1845.8912
514.2132	514.2132	8274.7529
514.2270	514.2270	3113.8852
514.2383	514.2383	4370.3567
514.2635	514.2635	1987.4465
515.2335	515.2335	60656.5889
515.2587	515.2587	1021.8605
516.1936	516.1936	1272.3149
516.1997	516.1997	1533.1828
516.2291	516.2291	3716.4207
516.2369	516.2369	5640.127
516.2428	516.2428	2829.3184
516.2540	516.2540	2531.9879
517.2489	517.2489	10786.1803
518.1175	518.1175	1074.1221
518.2444	518.2444	4321.4721
518.2695	518.2695	6309.9821
519.1140	519.1140	13390.4324
519.2546	519.2546	1389.1637
520.1889	520.1889	7926.992
520.2141	520.2141	15845.5995
520.2850	520.2850	6282.4268
520.7778	520.7778	1984.4488
521.2172	521.2172	1401.0171
521.2692	521.2692	45083.4728
522.2319	522.2319	5003.709
522.2727	522.2727	2176.7125
522.3008	522.3008	1965.0157
522.7854	522.7854	4288.2248
523.2273	523.2273	18223.7392
523.2385	523.2385	2756.7392
523.2886	523.2886	4528.8259
524.2224	524.2224	3603.6808
524.2306	524.2306	1217.4371
524.2478	524.2478	18666.9027
524.2589	524.2589	2951.2478
525.2429	525.2429	9842.6813
525.2794	525.2794	2031.896
525.3044	525.3044	1486.7847
526.2382	526.2382	18628.8243
526.2633	526.2633	6761.0272
526.2745	526.2745	3054.8245
527.2223	527.2223	1550.3408
527.2335	527.2335	7401.8375
527.2585	527.2585	16736.2362
528.1076	528.1076	5807.2789
528.2287	528.2287	9879.8991
528.2539	528.2539	355064.5978
528.2788	528.2788	1651.8489
528.2900	528.2900	1169.5909
528.3154	528.3154	2572.5902
529.2376	529.2376	33808.0791
529.2498	529.2498	14114.6678
529.2573	529.2573	77280.807
529.2744	529.2744	1515.7974
530.1232	530.1232	2997.2526
530.2009	530.2009	1824.5059
530.2444	530.2444	38588.6905
530.2593	530.2593	3656.108
531.2477	531.2477	2289.6327
531.2536	531.2536	4403.9513
531.3865	531.3865	1107.8337
532.2601	532.2601	12664.1467
532.2851	532.2851	1140.9394
533.2208	533.2208	1619.3317
533.2265	533.2265	5345.8468
533.2366	533.2366	1530.0715
533.2689	533.2689	1121.037
533.2803	533.2803	1499.6372
534.2295	534.2295	1222.4837
535.1950	535.1950	4214.5783
536.2476	536.2476	1057.8885
537.2100	537.2100	2690.7226
537.2155	537.2155	13474.9205
537.2440	537.2440	1630.8091
537.3045	537.3045	10887.7364
538.2307	538.2307	3773.509
538.2635	538.2635	9576.1963
538.2998	538.2998	1356.583
539.2174	539.2174	2283.4914
539.2262	539.2262	6511.3552
539.2334	539.2334	2325.0292
539.2587	539.2587	2543.6513
539.3202	539.3202	26664.253
540.1134	540.1134	4994.0655
540.2296	540.2296	2501.5042
540.2426	540.2426	7807.159
540.2539	540.2539	38436.5775
540.2790	540.2790	12288.9299
540.3158	540.3158	4368.9705
540.3239	540.3239	1657.382
541.0960	541.0960	1875.4754
541.1346	541.1346	9676.9361
541.2378	541.2378	2873.5583
541.2491	541.2491	70556.222
541.2569	541.2569	4040.2612
541.2742	541.2742	2581.9593
541.2845	541.2845	1226.8877
542.1963	542.1963	2289.8342
542.2444	542.2444	12041.777
542.2523	542.2523	6853.243
542.2582	542.2582	1814.4465
542.2695	542.2695	21582.3844
542.2944	542.2944	1666.724
543.1504	543.1504	158264.5104
543.2515	543.2515	8236.9956
543.2648	543.2648	23338.9396
543.2728	543.2728	1033.2392
544.1538	544.1538	18316.0725
544.2235	544.2235	1051.801
544.2602	544.2602	10830.083
544.2679	544.2679	1316.7219
544.2851	544.2851	5764.0888
545.1461	545.1461	4099.4218
545.2679	545.2679	2861.0282
546.2047	546.2047	4379.024
546.2300	546.2300	3987.3262
546.3008	546.3008	2000.0703
547.2750	547.2750	8720.4139
548.2092	548.2092	3398.9425
548.2803	548.2803	3842.128
548.3163	548.3163	3295.3044
549.2537	549.2537	2796.9821
549.2642	549.2642	2416.3677
550.2247	550.2247	5055.1087
550.2634	550.2634	1465.9989
550.2975	550.2975	1031.7391
551.2265	551.2265	2232.2201
551.2583	551.2583	3870.8102
552.2537	552.2537	1356.311
552.2793	552.2793	4855.694
552.3155	552.3155	3716.4916
553.2740	553.2740	2160.5361
553.2916	553.2916	2120.8464
554.2372	554.2372	8314.5014
554.2446	554.2446	1620.4924
554.2695	554.2695	18227.6046
554.2947	554.2947	21219.4833
554.3310	554.3310	45618.0491
555.1972	555.1972	1741.395
555.2532	555.2532	5272.9466
555.2649	555.2649	16158.0842
555.2724	555.2724	1655.0811
555.2901	555.2901	2001.4492
555.2982	555.2982	1111.0673
555.3346	555.3346	7039.6461
556.2238	556.2238	1141.166
556.2485	556.2485	1262.2299
557.2686	557.2686	4454.3505
557.2803	557.2803	6397.5986
557.3057	557.3057	5061.2496
558.2392	558.2392	2035.1662
558.2756	558.2756	22899.9392
559.2349	559.2349	2748.7169
559.2595	559.2595	1806.3828
560.2553	560.2553	2212.9849
560.7701	560.7701	4645.5906
561.2540	561.2540	1797.655
562.0953	562.0953	6420.8669
563.2258	563.2258	6063.6985
563.2313	563.2313	22264.3972
563.2696	563.2696	4543.9921
564.2291	564.2291	1399.56
564.2351	564.2351	2589.0253
565.0269	565.0269	1078.8443
565.1323	565.1323	16967.7627
565.2348	565.2348	11064.0638
566.2374	566.2374	3000.4605
566.2695	566.2695	1715.1934
566.2899	566.2899	6729.3554
566.2950	566.2950	17162.1467
567.2534	567.2534	3034.2661
567.2642	567.2642	1261.0793
567.2898	567.2898	4870.3462
567.2977	567.2977	2420.786
568.2598	568.2598	3987.9905
568.3104	568.3104	3726.8837
569.2438	569.2438	1039.1462
569.2690	569.2690	1281.102
569.2804	569.2804	6059.8821
569.3056	569.3056	4848.9767
569.3134	569.3134	1242.9247
570.1902	570.1902	1665.1079
570.2399	570.2399	1544.2999
570.2647	570.2647	1516.259
570.2773	570.2773	1343.4798
571.2461	571.2461	2222.6027
571.2594	571.2594	1150.5285
571.2962	571.2962	10016.7435
572.2064	572.2064	1268.963
572.2553	572.2553	1181.044
572.2809	572.2809	1388.0615
572.2924	572.2924	1067.8504
573.1289	573.1289	1187.5859
573.3118	573.3118	1509.5202
574.2255	574.2255	1069.7045
574.2951	574.2951	2054.6203
575.2696	575.2696	6402.6923
576.3131	576.3131	3625.0671
577.2855	577.2855	5595.7811
578.2446	578.2446	3748.3897
579.2569	579.2569	2027.8325
579.2901	579.2901	1055.7645
580.2602	580.2602	1161.7988
580.3102	580.3102	15296.8244
581.2366	581.2366	1205.3973
581.2690	581.2690	1129.9516
581.3057	581.3057	2057.0623
582.2530	582.2530	1308.4516
582.2896	582.2896	1146.6507
582.3259	582.3259	20836.7034
583.2480	583.2480	1335.9046
583.2596	583.2596	2146.626
583.2849	583.2849	3567.7646
583.3294	583.3294	1270.0856
584.2549	584.2549	7560.8354
584.2804	584.2804	1290.8261
584.3051	584.3051	2910.366
584.3416	584.3416	9098.4862
585.2542	585.2542	1791.758
585.2639	585.2639	3089.6569
585.2755	585.2755	3931.4158
585.3006	585.3006	1445.8562
586.2583	586.2583	1242.5676
586.2706	586.2706	8524.0566
586.3069	586.3069	8850.3928
587.2173	587.2173	7247.7577
587.2370	587.2370	1808.5502
587.2670	587.2670	1951.0144
587.2910	587.2910	7973.2457
588.2738	588.2738	21234.4873
589.0619	589.0619	1476.6191
590.1319	590.1319	1938.8511
590.2912	590.2912	3977.3428
591.1286	591.1286	39724.1092
591.2571	591.2571	1225.0512
592.1320	592.1320	1244.1219
592.2351	592.2351	1559.6162
592.3063	592.3063	42878.863
593.2301	593.2301	2351.7744
593.3091	593.3091	1982.6341
594.2500	594.2500	1353.834
594.2684	594.2684	1978.8614
594.3258	594.3258	3105.1107
595.1107	595.1107	2547.7236
595.2523	595.2523	4350.8805
595.2847	595.2847	4307.7843
596.2554	596.2554	2564.7438
597.3007	597.3007	1982.407
597.3367	597.3367	1416.8222
598.2707	598.2707	4181.0022
598.3068	598.3068	1763.4779
599.2656	599.2656	1089.0917
599.2910	599.2910	2251.6704
599.3163	599.3163	1960.8324
599.3525	599.3525	10848.0343
600.2864	600.2864	9521.5316
601.2820	601.2820	1779.2811
602.2809	602.2809	9491.9747
602.2909	602.2909	2086.5198
603.2648	603.2648	100556.3615
603.2842	603.2842	1579.9852
604.2529	604.2529	1238.6052
604.2682	604.2682	19605.4776
604.2962	604.2962	2224.4266
605.2805	605.2805	17223.5821
606.2681	606.2681	6462.829
608.2478	608.2478	1238.2579
608.2811	608.2811	1380.651
608.2914	608.2914	1440.1889
608.3417	608.3417	33900.5211
609.3001	609.3001	1488.2555
609.3370	609.3370	3888.3737
609.3456	609.3456	3184.928
610.2542	610.2542	2352.8178
610.2632	610.2632	1506.4743
610.3571	610.3571	14239.6939
611.2794	611.2794	1474.4532
611.2909	611.2909	1975.3685
611.3163	611.3163	5455.6292
612.2744	612.2744	1502.8604
612.2865	612.2865	3493.6831
612.3114	612.3114	1649.9261
613.2814	613.2814	5764.2242
613.3065	613.3065	1922.2374
614.2882	614.2882	57353.6121
614.3015	614.3015	9247.8775
615.2115	615.2115	1597.2823
615.2640	615.2640	1081.0137
615.2912	615.2912	8324.4286
616.2952	616.2952	1108.465
616.3175	616.3175	6729.7133
618.1508	618.1508	15254.0515
618.2597	618.2597	1333.0173
618.2756	618.2756	32152.1873
619.1472	619.1472	44118.9975
619.2460	619.2460	1154.7469
619.2789	619.2789	2409.969
620.1510	620.1510	1519.5621
620.2480	620.2480	2367.0637
620.2913	620.2913	1071129.847
621.2945	621.2945	304692.0737
622.2625	622.2625	3474.9545
622.2980	622.2980	33452.9189
622.3069	622.3069	121401.7248
622.7445	622.7445	3401.3182
623.2665	623.2665	1138.9823
623.3016	623.3016	2114.2434
623.3102	623.3102	22340.2968
623.3527	623.3527	1923.5142
624.2782	624.2782	3630.9859
625.2818	625.2818	1581.1755
625.2954	625.2954	2521.5727
625.3318	625.3318	4176.1721
625.3682	625.3682	15258.8377
626.3017	626.3017	15569.2324
626.3715	626.3715	1227.4009
627.2971	627.2971	2420.6402
627.3110	627.3110	1555.7221
627.3285	627.3285	2169.7077
627.3472	627.3472	1744.8329
629.2585	629.2585	1993.6264
629.3126	629.3126	3438.8966
629.3269	629.3269	2638.5522
630.2425	630.2425	2680.1541
630.2755	630.2755	4068.8543
631.2598	631.2598	2428.8413
631.3283	631.3283	12500.0732
632.2577	632.2577	1744.545
632.2913	632.2913	77067.4511
633.2952	633.2952	15396.9797
634.2632	634.2632	4130.8262
634.2983	634.2983	1152.0792
634.3069	634.3069	19865.3293
635.2674	635.2674	4945.7013
636.2423	636.2423	1467.0172
636.2704	636.2704	9617.333
636.2785	636.2785	2975.5898
636.3220	636.3220	1392.6486
637.2826	637.2826	2028.471
637.3312	637.3312	1636.2368
638.2580	638.2580	1294.6812
640.2813	640.2813	2083.0761
640.3170	640.3170	3561.0289
641.1289	641.1289	5466.5333
641.3129	641.3129	3933.2744
642.2970	642.2970	1071.081
642.3219	642.3219	1175.9111
642.3331	642.3331	8087.1604
643.2922	643.2922	1445.6603
643.3282	643.3282	7552.9329
644.2913	644.2913	1220.3212
644.3049	644.3049	984.6323
644.3382	644.3382	1287.1382
646.2705	646.2705	3856.6527
646.3068	646.3068	1282.9652
647.3022	647.3022	23849.3498
648.2861	648.2861	119169.1105
648.3054	648.3054	2509.732
649.2741	649.2741	1844.5593
649.2819	649.2819	1763.3408
649.2897	649.2897	26223.6603
650.2933	650.2933	1289.6606
650.3023	650.3023	6868.2935
651.2894	651.2894	2586.2223
651.3087	651.3087	2917.5308
651.3475	651.3475	4817.8433
653.3270	653.3270	3780.5936
653.3378	653.3378	2670.6318
653.3631	653.3631	9797.6837
655.3284	655.3284	7681.7699
657.3077	657.3077	4230.543
657.3441	657.3441	25971.2164
658.3068	658.3068	1154.3324
658.3470	658.3470	2045.2181
659.3237	659.3237	1074.8695
660.2864	660.2864	3954.334
661.3179	661.3179	2076.8214
661.3279	661.3279	1210.9365
662.3021	662.3021	1790.3897
663.2973	663.2973	10400.4587
664.1689	664.1689	3832.2042
665.1654	665.1654	41288.5046
665.3127	665.3127	278181.6576
665.3633	665.3633	3015.8968
666.1685	666.1685	2535.1043
666.2970	666.2970	1218.7861
666.3161	666.3161	77693.6834
667.3186	667.3186	4363.139
667.3789	667.3789	1847.699
668.3369	668.3369	1679.7482
669.3436	669.3436	1434.057
670.3034	670.3034	1850.0251
672.3187	672.3187	4000.1771
673.3302	673.3302	2667.5151
673.3461	673.3461	6292.4552
674.3023	674.3023	1190.088
677.3128	677.3128	24279.7148
678.3167	678.3167	2596.8229
679.3288	679.3288	1952.4824
679.3785	679.3785	5070.7497
680.3052	680.3052	1265.538
680.3741	680.3741	1059.4088
681.3081	681.3081	1452.3325
683.3233	683.3233	5483.6069
685.0815	685.0815	7557.1606
685.3389	685.3389	4593.9187
686.3349	686.3349	2290.2075
687.3450	687.3450	23352.7826
688.3483	688.3483	4902.806
689.3129	689.3129	5316.7348
689.3605	689.3605	1706.9526
691.3283	691.3283	149064.4903
692.3318	692.3318	41834.967
693.3002	693.3002	5616.306
693.3103	693.3103	1228.2366
693.3344	693.3344	1874.848
693.3442	693.3442	1481.941
694.1474	694.1474	3732.1035
695.1442	695.1442	3122.4062
695.2771	695.2771	2996.993
695.3150	695.3150	3240.071
695.3268	695.3268	3953.7139
696.3322	696.3322	2222.7496
697.2926	697.2926	9829.4732
698.2970	698.2970	2631.7282
698.3345	698.3345	5865.9291
698.3478	698.3478	2792.1983
703.3283	703.3283	7434.2339
708.3114	708.3114	3014.0095
710.3374	710.3374	2867.6292
712.3038	712.3038	8276.8775
712.3496	712.3496	5757.8425
713.3068	713.3068	1073.7261
714.3652	714.3652	1749.7095
715.3646	715.3646	3112.6419
716.3490	716.3490	16443.1449
717.2995	717.2995	1191.0689
717.3442	717.3442	2939.3632
717.3804	717.3804	4655.4893
718.3638	718.3638	2283.2699
719.3265	719.3265	1329.9701
719.3596	719.3596	8352.7845
720.3635	720.3635	1242.9927
731.3597	731.3597	17788.8398
732.3647	732.3647	5530.5908
733.3754	733.3754	428312.3653
734.2865	734.2865	2671.8225
734.3347	734.3347	1219.2253
734.3789	734.3789	147385.7967
735.2922	735.2922	1228.9784
735.3817	735.3817	17195.9048
735.3909	735.3909	117499.8852
736.3508	736.3508	1875.2257
736.3945	736.3945	33824.3562
737.3264	737.3264	1799.283
737.3966	737.3966	1243.0106
738.3304	738.3304	1157.7632
741.1621	741.1621	1248.9402
741.3179	741.3179	1193.1431
743.3589	743.3589	2719.4659
745.3754	745.3754	32554.0866
746.3357	746.3357	1556.8069
746.3789	746.3789	5755.6255
747.3908	747.3908	12119.0444
748.3498	748.3498	3241.3425
748.3950	748.3950	1066.3381
757.3743	757.3743	1399.4603
758.3820	758.3820	11884.7132
759.3551	759.3551	1280.1395
760.3508	760.3508	1214.342
760.3862	760.3862	15485.3268
761.3701	761.3701	38928.8032
761.4064	761.4064	1156.987
762.3656	762.3656	6954.5089
762.3744	762.3744	2671.8717
763.3859	763.3859	11693.4937
774.4018	774.4018	3523.4876
776.3811	776.3811	27811.1831
777.3843	777.3843	2958.8972
778.3967	778.3967	442096.0273
779.4003	779.4003	158021.9014
780.4034	780.4034	23698.4341
786.4015	786.4015	4505.3913
787.3858	787.3858	24151.4251
788.3808	788.3808	2094.121
788.3896	788.3896	1693.5815
789.4014	789.4014	4005.2528
790.3967	790.3967	43824.3595
791.3998	791.3998	6803.3697
792.4125	792.4125	3225.6124
793.4167	793.4167	1159.9807
802.3967	802.3967	51528.0904
803.2309	803.2309	6303.1493
803.4002	803.4002	13122.0682
804.4124	804.4124	892990.7582
805.4160	805.4160	345939.3262
806.4188	806.4188	61192.6954
807.4214	807.4214	2771.1384
807.4311	807.4311	1232.071
814.3965	814.3965	2139.9337
816.4125	816.4125	71179.9071
817.4160	817.4160	17088.223
818.3739	818.3739	13797.3861
818.3922	818.3922	1145.7712
818.4282	818.4282	8742.5189
819.3782	819.3782	2000.1126
820.4076	820.4076	1500.1094
826.3952	826.3952	1501.0128
830.3914	830.3914	9807.4186
831.3960	831.3960	1031.7524
832.4074	832.4074	2141.9348
834.3691	834.3691	1004.3913
836.3845	836.3845	45250.4239
837.3881	837.3881	12781.2024
842.3463	842.3463	2277.814
844.3613	844.3613	7111.7767
845.3642	845.3642	1529.6652
847.4182	847.4182	22746.0817
848.4216	848.4216	4590.1651
849.4339	849.4339	9614.5806
850.4369	850.4369	1907.0638
859.3715	859.3715	3366.807
859.4181	859.4181	7698.8618
860.4206	860.4206	1669.662
861.4338	861.4338	20791.3224
862.4372	862.4372	3413.8987
863.4505	863.4505	1844.6011
864.3798	864.3798	4916.6649
865.3823	865.3823	1061.4559
871.4185	871.4185	1243.0173
881.3543	881.3543	1539.0386
881.4056	881.4056	16032.1959
882.4095	882.4095	3630.8115
893.4058	893.4058	63946.6469
894.4093	894.4093	20957.7766
895.4211	895.4211	8148.2432
896.4250	896.4250	1021.3086
901.3825	901.3825	9300.5478
902.3858	902.3858	2228.6815
904.4393	904.4393	10210.5978
906.4555	906.4555	8271.5874
907.4581	907.4581	1401.9753
916.3939	916.3939	5035.2536
918.4552	918.4552	1473.624
923.3649	923.3649	1742.6807
925.3776	925.3776	1211.1247
930.4555	930.4555	1168.8325
936.4114	936.4114	3498.6386
938.3758	938.3758	2000.1093
938.4272	938.4272	30398.9198
939.4308	939.4308	6467.6611
944.3888	944.3888	2199.09
945.4089	945.4089	2299.4791
946.4503	946.4503	4906.133
948.4657	948.4657	4492.5437
950.4277	950.4277	1720.7814
962.4273	962.4273	2190.6208
964.4431	964.4431	2686.7437
978.4219	978.4219	3217.6289
980.4378	980.4378	24247.2922
981.4411	981.4411	5217.2769
982.4534	982.4534	1856.1878
991.4713	991.4713	2249.905
993.4865	993.4865	1083.1051
1025.4595	1025.4595	6204.5079
1026.4620	1026.4620	1887.4092
1083.5094	1083.5094	3486.038
1085.5246	1085.5246	3823.1371
1115.4795	1115.4795	1827.212
1116.5200	1116.5200	983.3631
1117.4965	1117.4965	21978.7136
1118.4998	1118.4998	5233.8954
1128.5290	1128.5290	1135.2759
1162.5180	1162.5180	1102.5627
1188.5336	1188.5336	1933.5247
1230.5793	1230.5793	5245.9284
1275.5999	1275.5999	1506.3567
1309.5537	1309.5537	1278.6866
1329.6479	1329.6479	2190.7036
1330.6509	1330.6509	1769.3231
