150.0661	150.0661	5949.342
151.0240	151.0240	32245.7837
151.0323	151.0323	9876.0663
151.0415	151.0415	27092.6429
151.0500	151.0500	76478.5622
151.0541	151.0541	59250.7751
151.0613	151.0613	11858.7225
151.0864	151.0864	450285.534
151.0977	151.0977	14794.6986
151.1228	151.1228	127692.0833
152.0341	152.0341	7729.1079
152.0453	152.0453	4777.0679
152.0493	152.0493	140096.6097
152.0528	152.0528	4625.6151
152.0619	152.0619	1892887.951
152.0704	152.0704	146819.0735
152.0817	152.0817	135114.8581
152.0898	152.0898	29428.7895
152.0943	152.0943	12695.9296
152.1068	152.1068	134719.7985
152.1181	152.1181	42062.4266
152.1262	152.1262	6510.3609
152.1432	152.1432	89318.8422
153.0032	153.0032	5881.7592
153.0293	153.0293	4707.1507
153.0446	153.0446	78537.7502
153.0479	153.0479	8824.3308
153.0527	153.0527	6028.1352
153.0571	153.0571	366624.0173
153.0655	153.0655	301268.7043
153.0697	153.0697	672131.0768
153.1021	153.1021	274466.0998
153.1102	153.1102	4767.3453
153.1133	153.1133	5035.6024
153.1384	153.1384	112010.1493
154.0319	154.0319	5324.8156
154.0497	154.0497	6988.2723
154.0524	154.0524	8379.2135
154.0607	154.0607	15522.9076
154.0649	154.0649	5168954.392
154.0730	154.0730	65473.5033
154.0775	154.0775	67196.6021
154.0860	154.0860	85017.9834
154.0973	154.0973	49565.441
154.1054	154.1054	8611.6181
154.1099	154.1099	4231.1086
154.1224	154.1224	122099.479
154.1336	154.1336	7005.7656
154.1588	154.1588	15648.0479
155.0449	155.0449	18153.6259
155.0490	155.0490	45606.5759
155.0602	155.0602	1857691.572
155.0683	155.0683	585680.9553
155.0727	155.0727	597759.4995
155.0813	155.0813	110333.263
155.0853	155.0853	120395.886
155.0925	155.0925	72458.7694
155.1177	155.1177	161581.7128
155.1540	155.1540	4204.0152
156.0442	156.0442	96185.3656
156.0554	156.0554	58408.5638
156.0636	156.0636	168301.7502
156.0654	156.0654	6999.8006
156.0680	156.0680	1573041.747
156.0716	156.0716	13693.9728
156.0763	156.0763	55357.1868
156.0806	156.0806	2341220.464
156.0887	156.0887	4110.3163
156.1017	156.1017	73886.6813
156.1130	156.1130	26532.3537
156.1381	156.1381	5617.6548
157.0508	157.0508	5574.1569
157.0521	157.0521	64330.8954
157.0606	157.0606	32620.6399
157.0633	157.0633	96072.5988
157.0646	157.0646	130720.9289
157.0714	157.0714	144373.2609
157.0759	157.0759	2236382.033
157.0839	157.0839	236143.6446
157.0884	157.0884	343517.0741
157.0970	157.0970	61850.511
157.1010	157.1010	14505.2322
157.1082	157.1082	213055.2164
157.1334	157.1334	23977.1414
158.0473	158.0473	7977.4338
158.0586	158.0586	4853.0461
158.0599	158.0599	420710.8093
158.0680	158.0680	4683.3182
158.0711	158.0711	202920.7987
158.0792	158.0792	193094.2849
158.0811	158.0811	9011.6881
158.0837	158.0837	1264873.323
158.0873	158.0873	4117.1128
158.0921	158.0921	51145.5552
158.0962	158.0962	555551.569
159.0261	159.0261	4103.6848
159.0439	159.0439	6448.1781
159.0551	159.0551	106812.1338
159.0585	159.0585	19829.4552
159.0632	159.0632	33558.8095
159.0664	159.0664	71033.6289
159.0677	159.0677	174764.3624
159.0744	159.0744	8664.9539
159.0762	159.0762	19065.6104
159.0789	159.0789	37665.0246
159.0803	159.0803	53828.8315
159.0871	159.0871	109687.8649
159.0915	159.0915	3372637.181
159.0995	159.0995	49719.2572
159.1040	159.1040	15187.251
159.1126	159.1126	12729.162
159.1238	159.1238	16118.778
160.0213	160.0213	70962.1462
160.0391	160.0391	16241.9987
160.0503	160.0503	38796.6708
160.0616	160.0616	34381.1284
160.0629	160.0629	27597.2068
160.0710	160.0710	7826.5609
160.0755	160.0755	719312.1448
160.0867	160.0867	436861.2621
160.0884	160.0884	8941.4655
160.0948	160.0948	322311.864
160.0993	160.0993	22958.556
160.1078	160.1078	63306.1622
160.1118	160.1118	125669.8423
161.0292	161.0292	26012.7299
161.0343	161.0343	5537.2524
161.0384	161.0384	72154.2179
161.0418	161.0418	4738.7738
161.0456	161.0456	40804.3486
161.0595	161.0595	49154.3059
161.0707	161.0707	284239.3185
161.0788	161.0788	60368.6301
161.0819	161.0819	121475.7492
161.0833	161.0833	8945.3931
161.0901	161.0901	25519.129
161.0945	161.0945	10377.7118
161.0959	161.0959	7462.4449
161.1071	161.1071	174832.0315
162.0370	162.0370	69295.6884
162.0462	162.0462	27186.5168
162.0547	162.0547	207328.7994
162.0659	162.0659	190023.4421
162.0741	162.0741	14499.6855
162.0772	162.0772	67600.4488
162.0785	162.0785	10276.2253
162.0911	162.0911	124613.0566
162.1023	162.1023	348358.9206
162.1104	162.1104	8156.3449
162.1275	162.1275	46751.7281
163.0322	163.0322	6351.9489
163.0500	163.0500	68732.7682
163.0540	163.0540	745995.5845
163.0580	163.0580	4587.5597
163.0612	163.0612	43614.9506
163.0693	163.0693	4537.5684
163.0738	163.0738	5703.8321
163.0863	163.0863	257943.3776
163.0976	163.0976	62124.5863
163.1057	163.1057	21385.6654
163.1227	163.1227	132255.1712
164.0452	164.0452	53513.416
164.0492	164.0492	298393.9039
164.0573	164.0573	81215.3729
164.0618	164.0618	95481.2799
164.0704	164.0704	72562.3431
164.0817	164.0817	322176.4715
164.0898	164.0898	13148.4328
164.0929	164.0929	6425.2195
164.0942	164.0942	4119.6055
164.1068	164.1068	68502.494
164.1180	164.1180	195435.166
164.1261	164.1261	4213.843
164.1432	164.1432	16538.424
164.9203	164.9203	54588.9174
165.0446	165.0446	28238.7662
165.0527	165.0527	18967.0043
165.0571	165.0571	124598.9098
165.0657	165.0657	322120.2471
165.0697	165.0697	1600158.284
165.0769	165.0769	200761.9652
165.0850	165.0850	11868.4167
165.1020	165.1020	304102.1874
165.1133	165.1133	26998.3631
165.1214	165.1214	5420.2422
165.1384	165.1384	84277.1015
166.0497	166.0497	12449.3626
166.0524	166.0524	97159.6517
166.0610	166.0610	75687.5136
166.0649	166.0649	2119664.247
166.0690	166.0690	8356.5087
166.0730	166.0730	185751.6345
166.0775	166.0775	82171.3395
166.0860	166.0860	101986.5903
166.0973	166.0973	199215.1363
166.1054	166.1054	13308.2029
166.1224	166.1224	63588.9064
166.1337	166.1337	36733.8763
166.1588	166.1588	5105.9866
167.0450	167.0450	28118.6117
167.0555	167.0555	5809.3685
167.0602	167.0602	959621.3084
167.0684	167.0684	234479.8092
167.0728	167.0728	5140939.799
167.0812	167.0812	288659.8724
167.0852	167.0852	125398.3049
167.0925	167.0925	101696.6467
167.1006	167.1006	4999.112
167.1176	167.1176	206893.4977
167.1288	167.1288	4618.439
167.1540	167.1540	95066.213
168.0442	168.0442	41177.683
168.0568	168.0568	257447.6443
168.0588	168.0588	24510.1736
168.0635	168.0635	86606.4898
168.0654	168.0654	12330.5291
168.0680	168.0680	1192784.586
168.0716	168.0716	4700.5067
168.0761	168.0761	643611.4444
168.0805	168.0805	2536190.841
168.0846	168.0846	7887.3618
168.0886	168.0886	5464.4485
168.1016	168.1016	83758.0569
168.1129	168.1129	80010.355
168.1210	168.1210	5041.8815
168.1380	168.1380	79297.1349
168.1493	168.1493	8273.3529
169.0345	169.0345	173492.9172
169.0507	169.0507	4332.7231
169.0520	169.0520	77798.8768
169.0605	169.0605	48897.9652
169.0646	169.0646	735190.6682
169.0714	169.0714	111970.8467
169.0758	169.0758	2847445.232
169.0793	169.0793	6993.9641
169.0838	169.0838	274208.001
169.0883	169.0883	228475.5733
169.0969	169.0969	196968.9198
169.1009	169.1009	11340.4507
169.1081	169.1081	32959.7574
169.1333	169.1333	114252.8772
169.1445	169.1445	6208.0815
169.1697	169.1697	7633.8279
170.0341	170.0341	10098.2116
170.0445	170.0445	6050.7908
170.0598	170.0598	5009342.387
170.0678	170.0678	75203.1193
170.0710	170.0710	203012.7429
170.0726	170.0726	7029.2822
170.0791	170.0791	278231.3814
170.0808	170.0808	20167.6129
170.0835	170.0835	233454.1881
170.0919	170.0919	23519.3599
170.0961	170.0961	765308.6413
170.1001	170.1001	4089.012
170.1173	170.1173	18604.6758
170.1285	170.1285	11455.4389
170.1536	170.1536	8647.8321
171.0137	171.0137	107599.4767
171.0260	171.0260	64831.5313
171.0313	171.0313	4511.8632
171.0438	171.0438	9270.4245
171.0550	171.0550	172927.3667
171.0631	171.0631	541652.8769
171.0662	171.0662	46400.6513
171.0676	171.0676	38246.9219
171.0744	171.0744	9008.8902
171.0761	171.0761	29256.0129
171.0789	171.0789	41451.8356
171.0802	171.0802	34058.2262
171.0870	171.0870	13449.6754
171.0914	171.0914	886985.4488
171.0995	171.0995	72570.5188
171.1039	171.1039	44738.2645
171.1125	171.1125	55652.4857
171.1489	171.1489	11764.8733
171.9928	171.9928	21340.2079
172.0133	172.0133	5068.335
172.0213	172.0213	52227.9077
172.0391	172.0391	9302.5804
172.0503	172.0503	13346.0085
172.0584	172.0584	4739.5993
172.0628	172.0628	28719.782
172.0665	172.0665	13406.4335
172.0742	172.0742	4919.4853
172.0754	172.0754	344020.4019
172.0866	172.0866	160068.0105
172.0947	172.0947	79883.3677
172.0965	172.0965	7404.4226
172.0992	172.0992	58129.0163
172.1078	172.1078	6350.9644
172.1118	172.1118	170961.3071
172.9930	172.9930	25941.4618
173.0292	173.0292	111341.7437
173.0595	173.0595	8848.6546
173.0707	173.0707	211445.568
173.0741	173.0741	5633.5292
173.0788	173.0788	26998.0515
173.0820	173.0820	54720.4475
173.0833	173.0833	20631.853
173.0901	173.0901	7085.8038
173.0919	173.0919	6021.8325
173.0946	173.0946	16020.8631
173.0959	173.0959	6174.9849
173.1071	173.1071	196809.7268
173.1152	173.1152	9920.9876
173.1283	173.1283	27925.2048
174.0370	174.0370	67657.9359
174.0462	174.0462	94690.9149
174.0548	174.0548	89457.5036
174.0660	174.0660	75976.9304
174.0741	174.0741	8983.6441
174.0773	174.0773	32882.3406
174.0786	174.0786	24205.5111
174.0911	174.0911	167905.6076
174.1024	174.1024	132720.1201
174.1105	174.1105	9284.6918
174.1275	174.1275	70955.5197
174.1347	174.1347	39731.731
174.9723	174.9723	79603.0274
174.9926	174.9926	11109.6452
175.0414	175.0414	24876.1547
175.0499	175.0499	23505.3892
175.0613	175.0613	18936.0877
175.0864	175.0864	189385.5802
175.0945	175.0945	9041.3262
175.0976	175.0976	70195.0092
175.1187	175.1187	16197.2445
175.1228	175.1228	56449.004
176.0452	176.0452	5734.3528
176.0526	176.0526	18470.9084
176.0565	176.0565	5025.6493
176.0619	176.0619	499393.6638
176.0704	176.0704	63496.0905
176.0816	176.0816	289114.4015
176.0898	176.0898	5769.5639
176.0929	176.0929	23212.4345
176.1068	176.1068	67104.1659
176.1180	176.1180	163915.9521
176.1432	176.1432	15032.509
177.0571	177.0571	201397.3766
177.0655	177.0655	106059.4246
177.0697	177.0697	192679.6007
177.0769	177.0769	81135.8023
177.0850	177.0850	14513.0467
177.1020	177.1020	143677.091
177.1132	177.1132	41016.6169
177.1214	177.1214	5762.2788
177.1384	177.1384	58049.2393
178.0431	178.0431	8595.9671
178.0496	178.0496	4612.9933
178.0609	178.0609	76469.9799
178.0649	178.0649	650995.3398
178.0721	178.0721	140676.5427
178.0775	178.0775	585636.7331
178.0860	178.0860	44679.6346
178.0973	178.0973	152901.5691
178.1053	178.1053	4829.6079
178.1224	178.1224	28834.801
178.1336	178.1336	150014.3442
178.9503	178.9503	20363.9232
179.0449	179.0449	8895.3309
179.0602	179.0602	494198.8384
179.0683	179.0683	68184.3036
179.0727	179.0727	246825.0688
179.0812	179.0812	158076.0918
179.0853	179.0853	138784.8831
179.0925	179.0925	75103.4511
179.1177	179.1177	143736.2779
179.1289	179.1289	4597.4997
179.1370	179.1370	6019.2623
179.1540	179.1540	46516.6338
180.0554	180.0554	49265.1125
180.0635	180.0635	55054.2201
180.0653	180.0653	8250.2709
180.0680	180.0680	99488.4468
180.0765	180.0765	86239.0298
180.0806	180.0806	1992841.942
180.0886	180.0886	6032.7473
180.1016	180.1016	32878.2876
180.1129	180.1129	102382.8046
180.1210	180.1210	5500.7639
180.1381	180.1381	18899.3219
180.1493	180.1493	18322.8174
181.0520	181.0520	6200.453
181.0605	181.0605	68368.9527
181.0633	181.0633	33547.0891
181.0646	181.0646	77065.0094
181.0715	181.0715	10670.9607
181.0758	181.0758	1275281.126
181.0839	181.0839	242991.1254
181.0883	181.0883	417220.3974
181.0969	181.0969	157512.7504
181.1009	181.1009	13176.4909
181.1081	181.1081	68942.7389
181.1333	181.1333	111163.1197
181.1697	181.1697	17022.9422
182.0599	182.0599	263639.9779
182.0711	182.0711	85567.6551
182.0725	182.0725	5579.0867
182.0792	182.0792	135137.0765
182.0811	182.0811	12044.1653
182.0837	182.0837	756967.3186
182.0873	182.0873	4088.2277
182.0921	182.0921	99477.686
182.0962	182.0962	551535.0435
182.1174	182.1174	22901.5726
182.1286	182.1286	49412.1856
182.1538	182.1538	17294.7445
183.0551	183.0551	105036.3587
183.0632	183.0632	18725.6406
183.0664	183.0664	4823.0538
183.0677	183.0677	287356.5355
183.0762	183.0762	41561.0317
183.0789	183.0789	80671.3862
183.0803	183.0803	20341.3935
183.0872	183.0872	92279.6026
183.0915	183.0915	962902.6662
183.0996	183.0996	61024.3423
183.1041	183.1041	55342.9725
183.1126	183.1126	160106.2079
183.1239	183.1239	42322.4446
183.1490	183.1490	129921.7061
184.0340	184.0340	29399.0684
184.0630	184.0630	105473.7317
184.0712	184.0712	27169.9168
184.0755	184.0755	535768.5728
184.0867	184.0867	212417.515
184.0948	184.0948	98780.5533
184.0966	184.0966	21665.0292
184.0993	184.0993	69824.8855
184.1078	184.1078	58972.3752
184.1119	184.1119	217182.1876
184.1159	184.1159	4330.5118
184.1191	184.1191	10465.0497
185.0292	185.0292	8725.9418
185.0384	185.0384	18631.457
185.0470	185.0470	34229.0464
185.0555	185.0555	9059.8538
185.0596	185.0596	13698.4887
185.0708	185.0708	942612.3135
185.0788	185.0788	50915.2675
185.0820	185.0820	58490.0791
185.0833	185.0833	16013.7065
185.0901	185.0901	12951.6392
185.0919	185.0919	46131.757
185.0946	185.0946	5564.3682
185.0959	185.0959	5114.9905
185.1031	185.1031	60894.4551
185.1071	185.1071	285872.2592
185.1152	185.1152	17604.8421
185.1283	185.1283	33901.735
185.1395	185.1395	10467.5428
185.1646	185.1646	34926.2846
186.0370	186.0370	101436.303
186.0548	186.0548	58443.1925
186.0660	186.0660	56449.0875
186.0741	186.0741	89274.7644
186.0772	186.0772	24684.4769
186.0786	186.0786	18762.3658
186.0870	186.0870	4429.8596
186.0911	186.0911	172703.3262
186.1024	186.1024	95154.9851
186.1105	186.1105	23904.2416
186.1122	186.1122	10157.3659
186.1149	186.1149	9088.7725
186.1235	186.1235	63732.1047
186.1275	186.1275	91979.9778
187.0322	187.0322	8968.7877
187.0448	187.0448	5719.1788
187.0500	187.0500	13307.964
187.0540	187.0540	251366.1314
187.0612	187.0612	18768.4312
187.0711	187.0711	22102.8309
187.0864	187.0864	219994.1947
187.0945	187.0945	6741.1983
187.0976	187.0976	43513.8423
187.1058	187.1058	3990.4455
187.1075	187.1075	24226.6633
187.1228	187.1228	101938.4764
187.1309	187.1309	5079.3797
187.1439	187.1439	5731.0715
187.9877	187.9877	7739.5247
188.0493	188.0493	105724.0255
188.0526	188.0526	13901.177
188.0574	188.0574	26455.597
188.0618	188.0618	14373.7091
188.0704	188.0704	103013.9144
188.0816	188.0816	89415.4424
188.0897	188.0897	15369.7425
188.0929	188.0929	12459.2018
188.0942	188.0942	6908.8896
188.1068	188.1068	71841.7342
188.1180	188.1180	54633.5944
188.1431	188.1431	27579.0524
189.0170	189.0170	65223.1078
189.0479	189.0479	6118.1941
189.0527	189.0527	4204.6537
189.0571	189.0571	33843.3241
189.0657	189.0657	41873.3431
189.0697	189.0697	754539.7675
189.0769	189.0769	45490.5584
189.1020	189.1020	106655.6244
189.1133	189.1133	40623.5722
189.1384	189.1384	42359.4213
190.0609	190.0609	42253.7788
190.0649	190.0649	529757.8768
190.0730	190.0730	95882.2102
190.0775	190.0775	93334.9138
190.0860	190.0860	38028.2522
190.0973	190.0973	109306.9878
190.1085	190.1085	9590.157
190.1224	190.1224	47783.7442
190.1337	190.1337	77311.0738
191.0449	191.0449	4769.7135
191.0602	191.0602	95764.6352
191.0683	191.0683	61249.223
191.0727	191.0727	978293.6275
191.0812	191.0812	109600.8919
191.0853	191.0853	134361.936
191.0925	191.0925	68884.634
191.1177	191.1177	82993.2468
191.1289	191.1289	26433.0296
191.1541	191.1541	19361.4526
192.0567	192.0567	50153.2236
192.0635	192.0635	6063.9194
192.0680	192.0680	454759.1342
192.0763	192.0763	196362.5373
192.0805	192.0805	626532.3204
192.0887	192.0887	5911.7689
192.0931	192.0931	11465.4848
192.1017	192.1017	39676.9384
192.1129	192.1129	113035.9963
192.1380	192.1380	13140.389
192.1493	192.1493	31686.6723
193.0521	193.0521	25351.1005
193.0606	193.0606	27659.5321
193.0633	193.0633	19500.4893
193.0647	193.0647	63310.0554
193.0717	193.0717	88971.2376
193.0759	193.0759	628405.0287
193.0796	193.0796	5613.8094
193.0840	193.0840	72003.8547
193.0884	193.0884	413288.8634
193.0970	193.0970	128173.1898
193.1010	193.1010	12395.2902
193.1082	193.1082	48326.5679
193.1334	193.1334	86733.9181
193.1446	193.1446	7339.3591
193.1698	193.1698	5815.6628
194.0361	194.0361	8141.96
194.0599	194.0599	152157.4593
194.0711	194.0711	139570.6598
194.0792	194.0792	67661.9953
194.0809	194.0809	10964.4175
194.0837	194.0837	167788.9331
194.0922	194.0922	199887.2309
194.0962	194.0962	525283.0702
194.1034	194.1034	4486.945
194.1174	194.1174	16524.2235
194.1286	194.1286	96352.0067
194.9958	194.9958	6635.5029
195.0551	195.0551	67039.4283
195.0632	195.0632	9514.9595
195.0663	195.0663	4875.4021
195.0677	195.0677	23044.4322
195.0746	195.0746	9712.0968
195.0763	195.0763	102912.2051
195.0789	195.0789	23102.2042
195.0803	195.0803	27113.362
195.0875	195.0875	107176.398
195.0915	195.0915	847141.3067
195.0955	195.0955	6572.1995
195.0996	195.0996	60572.1784
195.1040	195.1040	54638.1922
195.1126	195.1126	129573.0386
195.1239	195.1239	31456.0082
195.1490	195.1490	127330.1845
196.0213	196.0213	4386.1346
196.0517	196.0517	31952.3349
196.0537	196.0537	4773.3742
196.0715	196.0715	21123.2651
196.0755	196.0755	329096.7909
196.0867	196.0867	232323.0181
196.0949	196.0949	98159.0018
196.0966	196.0966	6316.9039
196.0993	196.0993	123412.1525
196.1079	196.1079	114439.8635
196.1119	196.1119	157717.2414
196.1330	196.1330	16459.7159
196.1442	196.1442	62430.5351
196.9658	196.9658	1395657.35
196.9750	196.9750	50716.615
197.0291	197.0291	4185.4733
197.0418	197.0418	4300.7787
197.0554	197.0554	4916.6501
197.0707	197.0707	297759.958
197.0788	197.0788	32309.2197
197.0820	197.0820	13204.3005
197.0833	197.0833	32528.9175
197.0901	197.0901	17767.1096
197.0919	197.0919	101302.6293
197.0945	197.0945	38631.3744
197.1031	197.1031	39476.1902
197.1071	197.1071	264969.5115
197.1152	197.1152	12687.0851
197.1196	197.1196	4416.2455
197.1283	197.1283	91436.0936
197.1395	197.1395	16428.7922
197.1646	197.1646	101910.6692
198.0173	198.0173	44006.4709
198.0370	198.0370	19785.8511
198.0462	198.0462	33163.7771
198.0547	198.0547	39435.8149
198.0660	198.0660	18204.1582
198.0741	198.0741	24335.094
198.0786	198.0786	57239.3993
198.0871	198.0871	17857.2556
198.0911	198.0911	137318.5586
198.1024	198.1024	107937.233
198.1105	198.1105	23978.0239
198.1122	198.1122	6297.0338
198.1149	198.1149	12670.9073
198.1235	198.1235	58276.6126
198.1275	198.1275	87247.1266
198.1347	198.1347	4120.6514
198.9543	198.9543	12886.3704
199.0448	199.0448	13363.7029
199.0499	199.0499	5945.6944
199.0711	199.0711	12413.0184
199.0739	199.0739	4719.0631
199.0864	199.0864	222374.7698
199.0945	199.0945	7829.6717
199.0976	199.0976	26229.3973
199.1058	199.1058	4388.7599
199.1075	199.1075	59949.5552
199.1187	199.1187	11909.6688
199.1228	199.1228	96468.6318
199.1439	199.1439	11029.6547
199.1803	199.1803	13902.8979
200.0526	200.0526	17626.5214
200.0578	200.0578	4424.0067
200.0618	200.0618	235877.5048
200.0704	200.0704	46921.6959
200.0816	200.0816	57464.5133
200.0898	200.0898	15297.9215
200.0929	200.0929	6502.0031
200.0942	200.0942	4307.6502
200.1068	200.1068	88608.3391
200.1140	200.1140	26550.5308
200.1180	200.1180	48281.9679
200.1261	200.1261	4358.2331
200.1391	200.1391	64691.3973
200.1431	200.1431	18846.0262
200.1504	200.1504	6360.07
200.9336	200.9336	5178.5973
201.0479	201.0479	9309.2173
201.0571	201.0571	90553.4921
201.0655	201.0655	58998.2806
201.0696	201.0696	24353.548
201.0769	201.0769	15968.8788
201.1020	201.1020	111406.1307
201.1132	201.1132	18982.021
201.1231	201.1231	48461.391
201.1384	201.1384	70527.0995
202.0319	202.0319	4053.0235
202.0378	202.0378	25803.7504
202.0607	202.0607	13029.707
202.0649	202.0649	112327.268
202.0718	202.0718	7276.8826
202.0775	202.0775	542030.9918
202.0860	202.0860	56922.8828
202.0973	202.0973	63142.6224
202.1085	202.1085	8108.6222
202.1184	202.1184	4736.9646
202.1224	202.1224	87737.4009
202.1336	202.1336	21149.2143
203.0602	203.0602	63373.8165
203.0683	203.0683	7151.1448
203.0727	203.0727	233577.464
203.0810	203.0810	121441.051
203.0853	203.0853	103575.5876
203.0925	203.0925	40893.3474
203.1177	203.1177	54849.3904
203.1289	203.1289	16296.139
203.1541	203.1541	8280.7082
204.0555	204.0555	19274.787
204.0681	204.0681	17046.7019
204.0766	204.0766	75807.125
204.0807	204.0807	1018258.183
204.0879	204.0879	5679.0792
204.0932	204.0932	7624.2013
204.1018	204.1018	16055.0799
204.1130	204.1130	52100.2429
204.1382	204.1382	26477.804
204.1494	204.1494	11207.5795
205.0607	205.0607	7472.3349
205.0647	205.0647	60692.9172
205.0719	205.0719	28073.3278
205.0759	205.0759	524720.4427
205.0840	205.0840	139520.6711
205.0885	205.0885	162641.2785
205.0970	205.0970	66340.2264
205.1011	205.1011	13804.4559
205.1083	205.1083	88688.7772
205.1334	205.1334	44980.4267
205.1447	205.1447	11199.0142
206.0600	206.0600	27543.2737
206.0712	206.0712	74729.4285
206.0793	206.0793	61603.6313
206.0838	206.0838	376514.7831
206.0923	206.0923	105324.9035
206.0963	206.0963	293592.3671
206.1175	206.1175	7258.3637
206.1287	206.1287	76025.5817
206.1650	206.1650	5576.3608
207.0323	207.0323	18964.0628
207.0678	207.0678	58115.2388
207.0764	207.0764	48928.6026
207.0790	207.0790	106338.0425
207.0874	207.0874	93975.8623
207.0916	207.0916	394521.5949
207.0997	207.0997	34405.1959
207.1041	207.1041	58093.4699
207.1127	207.1127	90857.3183
207.1239	207.1239	85197.2297
207.1491	207.1491	61383.7764
207.1603	207.1603	7017.3159
208.0340	208.0340	12687.6498
208.0631	208.0631	25578.7098
208.0715	208.0715	16389.1772
208.0756	208.0756	99759.0991
208.0825	208.0825	4503.336
208.0868	208.0868	165279.5353
208.0949	208.0949	46082.1801
208.0994	208.0994	82313.9779
208.1080	208.1080	137406.0166
208.1120	208.1120	117870.506
208.1192	208.1192	5432.8771
208.1331	208.1331	4622.6822
208.1444	208.1444	75984.1992
209.0115	209.0115	116947.1299
209.0292	209.0292	5064.797
209.0556	209.0556	4843.9769
209.0708	209.0708	110598.989
209.0790	209.0790	4488.6083
209.0821	209.0821	9646.8472
209.0834	209.0834	33324.934
209.0903	209.0903	12184.3518
209.0920	209.0920	99758.5527
209.0946	209.0946	33202.1898
209.1032	209.1032	144681.3011
209.1072	209.1072	249648.046
209.1153	209.1153	5547.4522
209.1198	209.1198	4330.7768
209.1284	209.1284	82379.1482
209.1396	209.1396	68367.8198
209.1647	209.1647	102826.2338
210.0111	210.0111	12623.2491
210.0371	210.0371	21185.4824
210.0549	210.0549	8946.1394
210.0661	210.0661	18920.1167
210.0742	210.0742	5537.1674
210.0787	210.0787	24050.3656
210.0872	210.0872	42185.9095
210.0913	210.0913	94613.0857
210.1025	210.1025	157539.7483
210.1106	210.1106	27515.4068
210.1150	210.1150	14312.9327
210.1236	210.1236	78129.8217
210.1276	210.1276	45355.1074
210.1488	210.1488	8121.7935
210.1600	210.1600	64428.4693
211.0083	211.0083	5409.4934
211.0501	211.0501	4586.5768
211.0541	211.0541	48084.1895
211.0627	211.0627	6937.3971
211.0712	211.0712	6206.9774
211.0865	211.0865	194085.7006
211.0946	211.0946	5863.9224
211.0977	211.0977	10693.495
211.1059	211.1059	11887.5398
211.1076	211.1076	108712.144
211.1102	211.1102	4825.0576
211.1189	211.1189	210680.0962
211.1228	211.1228	88818.3713
211.1440	211.1440	65333.8946
211.1552	211.1552	118518.0726
211.1804	211.1804	5700.8128
212.0494	212.0494	25101.6811
212.0528	212.0528	13477.2718
212.0575	212.0575	4448.0319
212.0705	212.0705	22637.9424
212.0818	212.0818	53088.4251
212.0899	212.0899	12749.6719
212.0943	212.0943	5469.382
212.1029	212.1029	95143.3938
212.1069	212.1069	47297.187
212.1141	212.1141	37111.0235
212.1181	212.1181	55900.0419
212.1222	212.1222	11228.991
212.1262	212.1262	6005.2544
212.1392	212.1392	26417.8831
212.1432	212.1432	14548.2174
213.0064	213.0064	7486.7454
213.0657	213.0657	26308.2296
213.0698	213.0698	176556.7212
213.0770	213.0770	5744.2779
213.1021	213.1021	103918.5109
213.1133	213.1133	6746.2229
213.1233	213.1233	32442.3106
213.1345	213.1345	56930.509
213.1385	213.1385	51020.4398
213.1596	213.1596	23235.8948
213.1709	213.1709	12440.7759
213.9925	213.9925	16409.8659
214.0650	214.0650	168497.7838
214.0732	214.0732	20143.779
214.0776	214.0776	7181.3505
214.0862	214.0862	20915.9
214.0974	214.0974	38552.0278
214.1185	214.1185	55161.0502
214.1225	214.1225	23473.6121
214.1297	214.1297	9241.1411
214.1338	214.1338	18143.9716
214.1549	214.1549	9670.2324
214.9857	214.9857	103851.7992
215.0603	215.0603	24266.8867
215.0684	215.0684	18436.2648
215.0728	215.0728	153098.5434
215.0815	215.0815	32000.5903
215.0855	215.0855	183283.6565
215.0927	215.0927	12361.1135
215.1027	215.1027	4661.5302
215.1179	215.1179	69930.8972
215.1292	215.1292	5277.9768
215.1390	215.1390	8482.1251
215.1543	215.1543	15115.7327
215.9854	215.9854	9442.7034
216.0281	216.0281	71350.1383
216.0655	216.0655	4276.41
216.0682	216.0682	105953.5535
216.0765	216.0765	17665.354
216.0808	216.0808	377827.8615
216.0889	216.0889	18144.1661
216.1019	216.1019	29777.9129
216.1132	216.1132	45482.3539
216.1383	216.1383	15889.6774
216.1496	216.1496	10403.3352
216.2070	216.2070	5337.677
216.9651	216.9651	12463.3266
216.9826	216.9826	6746.9283
217.0635	217.0635	6923.6734
217.0648	217.0648	5624.5504
217.0718	217.0718	14662.0604
217.0761	217.0761	121992.0003
217.0842	217.0842	53013.017
217.0886	217.0886	551529.0955
217.0971	217.0971	30550.2797
217.1012	217.1012	7924.0183
217.1084	217.1084	64456.3985
217.1336	217.1336	78324.8695
217.1448	217.1448	6290.5263
218.0601	218.0601	4009.8136
218.0713	218.0713	23451.2143
218.0727	218.0727	4511.2949
218.0795	218.0795	11118.4591
218.0839	218.0839	182331.6353
218.0921	218.0921	100719.0462
218.0964	218.0964	291891.0806
218.1035	218.1035	6099.2893
218.1176	218.1176	34404.6594
218.1288	218.1288	32683.9476
218.1539	218.1539	4665.9873
218.1652	218.1652	4496.2572
219.0570	219.0570	7852.4723
219.0679	219.0679	4842.4365
219.0764	219.0764	15123.3943
219.0790	219.0790	8254.2775
219.0805	219.0805	55391.4374
219.0875	219.0875	52430.8477
219.0917	219.0917	319372.307
219.0998	219.0998	37557.2875
219.1042	219.1042	46563.1431
219.1128	219.1128	29498.6418
219.1240	219.1240	57844.6575
219.1492	219.1492	25844.8782
220.0717	220.0717	11012.6945
220.0757	220.0757	160534.5791
220.0869	220.0869	164354.1658
220.0950	220.0950	45493.7697
220.0995	220.0995	67843.2879
220.1080	220.1080	87910.3665
220.1121	220.1121	104758.5203
220.1193	220.1193	8189.3526
220.1444	220.1444	32047.9653
221.0419	221.0419	6789.6503
221.0709	221.0709	81652.1191
221.0790	221.0790	12974.6432
221.0821	221.0821	6205.4991
221.0836	221.0836	15163.6067
221.0903	221.0903	11383.971
221.0921	221.0921	31142.6661
221.0948	221.0948	38380.6959
221.1033	221.1033	97753.988
221.1073	221.1073	146293.6022
221.1154	221.1154	5601.6585
221.1199	221.1199	4594.011
221.1285	221.1285	34126.5012
221.1397	221.1397	55739.6534
221.1648	221.1648	10429.0835
222.0372	222.0372	12003.2439
222.0464	222.0464	14817.6726
222.0550	222.0550	5079.662
222.0662	222.0662	6401.3868
222.0788	222.0788	21828.6999
222.0873	222.0873	49731.4353
222.0913	222.0913	73737.2342
222.0983	222.0983	6661.8651
222.1026	222.1026	119061.9063
222.1107	222.1107	14133.9271
222.1152	222.1152	12499.2655
222.1237	222.1237	94740.4329
222.1277	222.1277	29255.4415
222.1601	222.1601	28026.3042
223.0273	223.0273	41765.5535
223.0451	223.0451	17448.4756
223.0713	223.0713	6666.8054
223.0825	223.0825	6423.1026
223.0866	223.0866	109006.5401
223.0978	223.0978	9701.6111
223.1059	223.1059	10063.8923
223.1077	223.1077	48611.9755
223.1189	223.1189	65930.0042
223.1230	223.1230	92794.6622
223.1441	223.1441	45455.9631
223.1553	223.1553	53889.6309
223.9769	223.9769	13755.3544
224.0529	224.0529	6844.3491
224.0620	224.0620	83604.1389
224.0706	224.0706	11649.5639
224.0818	224.0818	38460.9418
224.0900	224.0900	7078.5596
224.0944	224.0944	9865.1033
224.1029	224.1029	65449.1704
224.1070	224.1070	32360.1921
224.1141	224.1141	6051.8724
224.1182	224.1182	67502.4807
224.1264	224.1264	5237.3739
224.1393	224.1393	64998.5423
224.1434	224.1434	8011.6165
224.1506	224.1506	5238.572
224.1758	224.1758	37178.8217
225.0429	225.0429	119930.982
225.0481	225.0481	4145.4307
225.0573	225.0573	23543.8347
225.0657	225.0657	30572.8878
225.0870	225.0870	10320.8324
225.0981	225.0981	8028.5354
225.1022	225.1022	111598.0153
225.1134	225.1134	9358.8927
225.1233	225.1233	48459.5023
225.1346	225.1346	53041.8113
225.1386	225.1386	59779.5774
225.1597	225.1597	56069.7013
225.1710	225.1710	92983.2419
226.0381	226.0381	2709.1588
226.0425	226.0425	12104.9134
226.0464	226.0464	3438.1646
226.0651	226.0651	14727.4971
226.0686	226.0686	3029.5696
226.0777	226.0777	190834.1533
226.0822	226.0822	9790.2747
226.0862	226.0862	9839.6012
226.0975	226.0975	49991.4763
226.1055	226.1055	5285.1536
226.1186	226.1186	163623.8106
226.1226	226.1226	15435.6528
226.1298	226.1298	67089.6732
226.1338	226.1338	27855.6984
226.1550	226.1550	158559.1209
226.1590	226.1590	2636.357
226.1744	226.1744	2840.9933
226.1913	226.1913	30944.1431
227.0222	227.0222	760948.1664
227.0396	227.0396	5799.0084
227.0604	227.0604	3229.7949
227.0663	227.0663	2121.059
227.0729	227.0729	127978.0772
227.0813	227.0813	63754.3084
227.0855	227.0855	44560.7114
227.0927	227.0927	4008.784
227.1026	227.1026	33325.2303
227.1138	227.1138	61239.8372
227.1178	227.1178	58844.0793
227.1219	227.1219	5754.3768
227.1290	227.1290	1432.595
227.1333	227.1333	1474.4806
227.1373	227.1373	1297.2012
227.1390	227.1390	8396.7913
227.1502	227.1502	4662.8259
227.1542	227.1542	24815.9313
227.1584	227.1584	9200.2537
227.1754	227.1754	505565.7088
227.1866	227.1866	6337.4418
228.0175	228.0175	4776.43
228.0217	228.0217	93736.753
228.0254	228.0254	22578.5691
228.0656	228.0656	2586.9985
228.0682	228.0682	9323.5189
228.0764	228.0764	19324.1411
228.0807	228.0807	298978.9892
228.0933	228.0933	51304.6879
228.0978	228.0978	4370.6476
228.1019	228.1019	16209.4406
228.1132	228.1132	43880.0431
228.1212	228.1212	1741.3677
228.1343	228.1343	66954.3675
228.1383	228.1383	5402.071
228.1455	228.1455	50158.0361
228.1495	228.1495	6536.3688
228.1707	228.1707	26832.1881
228.1788	228.1788	53173.6459
228.1819	228.1819	17488.0283
228.9002	228.9002	3941.608
229.0015	229.0015	306622.0209
229.0190	229.0190	58853.1876
229.0211	229.0211	3229.2943
229.0264	229.0264	2206.4609
229.0494	229.0494	1361.0721
229.0648	229.0648	4496.2653
229.0721	229.0721	1743.8638
229.0760	229.0760	172184.8186
229.0842	229.0842	38162.0613
229.0886	229.0886	71188.522
229.0971	229.0971	32333.1192
229.1011	229.1011	11700.4811
229.1084	229.1084	10053.9639
229.1183	229.1183	8660.9572
229.1295	229.1295	22843.0776
229.1336	229.1336	55179.3649
229.1375	229.1375	1478.6498
229.1448	229.1448	3415.3556
229.1699	229.1699	1885.98
230.0010	230.0010	32702.2997
230.0047	230.0047	3301.7435
230.0186	230.0186	3678.3123
230.0601	230.0601	1617.3036
230.0713	230.0713	26395.2783
230.0794	230.0794	21128.3952
230.0812	230.0812	2518.4256
230.0839	230.0839	81089.3994
230.0922	230.0922	18358.8006
230.0964	230.0964	275913.7626
230.1136	230.1136	3016.6336
230.1176	230.1176	12516.8255
230.1288	230.1288	31006.9553
230.1401	230.1401	1728.0223
230.1499	230.1499	2844.5072
230.1611	230.1611	4236.8295
230.1651	230.1651	2387.5944
230.9807	230.9807	76268.8534
230.9952	230.9952	48167.9011
230.9983	230.9983	20198.5774
231.0192	231.0192	2232.1283
231.0764	231.0764	3281.1505
231.0791	231.0791	27906.8377
231.0806	231.0806	3214.6892
231.0875	231.0875	26321.0878
231.0917	231.0917	187223.4205
231.0998	231.0998	38185.7627
231.1042	231.1042	66688.5624
231.1128	231.1128	31369.8084
231.1240	231.1240	31834.0598
231.1452	231.1452	1325.8737
231.1492	231.1492	70106.8946
231.1605	231.1605	1395.597
231.9803	231.9803	7955.4315
232.0029	232.0029	1772.1038
232.0717	232.0717	1491.8537
232.0757	232.0757	32984.5335
232.0829	232.0829	66915.7235
232.0869	232.0869	48485.0689
232.0951	232.0951	22853.9217
232.0995	232.0995	102431.4704
232.1079	232.1079	29153.9926
232.1121	232.1121	84127.3178
232.1193	232.1193	4394.3148
232.1332	232.1332	6551.6753
232.1445	232.1445	24063.0718
232.1526	232.1526	2527.3299
232.9600	232.9600	23243.6835
232.9777	232.9777	9550.2313
232.9964	232.9964	80353.859
233.0709	233.0709	11488.7874
233.0835	233.0835	54571.9433
233.0901	233.0901	2394.1975
233.0921	233.0921	9600.8391
233.0947	233.0947	38688.1259
233.1032	233.1032	60765.7156
233.1073	233.1073	137504.7178
233.1154	233.1154	6371.0303
233.1198	233.1198	3582.008
233.1284	233.1284	34698.5798
233.1397	233.1397	34437.5295
233.1648	233.1648	46676.5692
233.9552	233.9552	2440.0248
233.9959	233.9959	8318.6814
234.0788	234.0788	13267.5802
234.0872	234.0872	16879.2797
234.0913	234.0913	72511.5417
234.0985	234.0985	23290.4485
234.1026	234.1026	105587.1406
234.1107	234.1107	11560.6039
234.1151	234.1151	7954.6478
234.1237	234.1237	68476.018
234.1277	234.1277	26821.0132
234.1349	234.1349	22755.6409
234.1601	234.1601	17286.9535
234.9392	234.9392	27582.6996
234.9756	234.9756	44121.2234
234.9932	234.9932	4999.8857
235.0542	235.0542	13116.6065
235.0628	235.0628	6731.9669
235.0825	235.0825	19883.007
235.0866	235.0866	80122.5181
235.0978	235.0978	15423.6739
235.1059	235.1059	8266.7133
235.1077	235.1077	18120.7763
235.1104	235.1104	4703.441
235.1189	235.1189	187847.0043
235.1230	235.1230	55929.5024
235.1270	235.1270	2841.1369
235.1441	235.1441	29234.1449
235.1553	235.1553	25157.7991
235.1805	235.1805	3305.2936
235.9752	235.9752	3856.0389
236.0494	236.0494	2165.1361
236.0529	236.0529	9323.8318
236.0576	236.0576	1497.0156
236.0706	236.0706	6100.6871
236.0818	236.0818	32272.5875
236.0900	236.0900	2755.0548
236.0944	236.0944	4296.5559
236.1030	236.1030	43433.3514
236.1070	236.1070	36940.2597
236.1142	236.1142	12464.6528
236.1182	236.1182	49108.8053
236.1223	236.1223	9853.8114
236.1309	236.1309	1667.8746
236.1369	236.1369	2019.2128
236.1393	236.1393	79789.3346
236.1433	236.1433	1860.896
236.1506	236.1506	16174.4588
236.1758	236.1758	10439.6207
236.9285	236.9285	28779.5445
236.9550	236.9550	3875.6617
236.9723	236.9723	1434.9575
237.0482	237.0482	1866.9911
237.0658	237.0658	8922.2015
237.0698	237.0698	71250.667
237.0750	237.0750	3194.464
237.0870	237.0870	4544.168
237.0897	237.0897	2532.7102
237.0982	237.0982	49969.1552
237.1022	237.1022	62076.4362
237.1135	237.1135	5986.7775
237.1233	237.1233	31939.0149
237.1346	237.1346	107947.6497
237.1386	237.1386	32382.9633
237.1426	237.1426	2798.2144
237.1597	237.1597	17620.7865
237.1711	237.1711	6620.3169
238.0651	238.0651	49086.5701
238.0734	238.0734	6216.1419
238.0822	238.0822	8193.4285
238.0862	238.0862	3493.6206
238.0974	238.0974	37145.6755
238.1100	238.1100	1624.0891
238.1186	238.1186	57981.0217
238.1226	238.1226	12985.8393
238.1298	238.1298	11109.4811
238.1339	238.1339	15245.7998
238.1379	238.1379	3338.166
238.1550	238.1550	70124.8699
238.1590	238.1590	1307.4071
238.1661	238.1661	4784.3552
238.1913	238.1913	1362.4021
238.9677	238.9677	1560.1126
239.0684	239.0684	2727.8889
239.0729	239.0729	20308.5909
239.0815	239.0815	24218.3876
239.0855	239.0855	139038.3331
239.1026	239.1026	12641.6791
239.1138	239.1138	55059.2226
239.1178	239.1178	40045.6586
239.1291	239.1291	3889.3462
239.1390	239.1390	13246.392
239.1502	239.1502	67629.8566
239.1542	239.1542	12498.7926
239.1753	239.1753	5382.135
240.0682	240.0682	13502.085
240.0765	240.0765	3553.6693
240.0807	240.0807	155607.118
240.0889	240.0889	19415.7206
240.0933	240.0933	2432.0543
240.0978	240.0978	39066.0001
240.1018	240.1018	3718.1361
240.1131	240.1131	30529.7452
240.1170	240.1170	1333.7794
240.1342	240.1342	84151.9288
240.1382	240.1382	4247.1502
240.1454	240.1454	48022.0907
240.1495	240.1495	7704.8687
240.1535	240.1535	1717.5674
240.1706	240.1706	31541.2396
240.2321	240.2321	3867.4955
240.9381	240.9381	4613.3963
240.9470	240.9470	23811.6431
241.0378	241.0378	3272.6472
241.0759	241.0759	61620.2787
241.0819	241.0819	9500.7037
241.0841	241.0841	20688.0683
241.0886	241.0886	238911.3238
241.0971	241.0971	23394.4736
241.1011	241.1011	16402.889
241.1083	241.1083	3281.4501
241.1183	241.1183	7769.9121
241.1295	241.1295	21772.3902
241.1335	241.1335	37142.3145
241.1375	241.1375	1626.8113
241.1447	241.1447	3347.5013
241.1546	241.1546	5082.0323
241.1658	241.1658	5063.1025
241.1699	241.1699	1743.474
241.1908	241.1908	2110.1743
241.9466	241.9466	3266.1349
241.9874	241.9874	25851.5487
241.9986	241.9986	1376.011
242.0838	242.0838	136016.404
242.0920	242.0920	56350.6493
242.0964	242.0964	135497.6375
242.1135	242.1135	6294.4315
242.1175	242.1175	4950.673
242.1247	242.1247	3595.3019
242.1287	242.1287	38203.0035
242.1498	242.1498	20112.3285
242.1539	242.1539	2707.2656
242.1611	242.1611	18610.1021
242.1652	242.1652	1932.6023
242.1863	242.1863	60286.2442
242.1976	242.1976	4376.2767
242.2842	242.2842	2118.443
242.9264	242.9264	3606.5771
242.9440	242.9440	1650.9621
243.0171	243.0171	11238.3837
243.0873	243.0873	14936.6455
243.0917	243.0917	194563.1233
243.0997	243.0997	13816.5717
243.1043	243.1043	58612.7815
243.1128	243.1128	37468.8357
243.1241	243.1241	5263.3329
243.1340	243.1340	4721.6183
243.1452	243.1452	36557.6674
243.1492	243.1492	29779.6763
243.1815	243.1815	3901.1301
244.0757	244.0757	41319.786
244.0869	244.0869	54523.0802
244.0929	244.0929	2632.2819
244.0951	244.0951	21856.9466
244.0995	244.0995	47431.602
244.1079	244.1079	26874.2802
244.1121	244.1121	80852.7095
244.1193	244.1193	2418.9261
244.1292	244.1292	31690.0559
244.1333	244.1333	6793.1255
244.1404	244.1404	8640.8109
244.1445	244.1445	33818.1231
245.0419	245.0419	2666.7085
245.0709	245.0709	16226.7395
245.0947	245.0947	9908.7104
245.1032	245.1032	18119.019
245.1073	245.1073	133025.6813
245.1154	245.1154	7949.7084
245.1198	245.1198	2457.504
245.1285	245.1285	36350.9289
245.1397	245.1397	10414.2306
245.1608	245.1608	1638.38
245.1648	245.1648	3194.9565
245.1721	245.1721	1889.8843
246.0372	246.0372	2039.0176
246.0549	246.0549	1501.1347
246.0787	246.0787	1665.4413
246.0872	246.0872	2588.5963
246.0913	246.0913	60000.1229
246.0985	246.0985	9546.869
246.1026	246.1026	47335.704
246.1107	246.1107	12401.616
246.1151	246.1151	12234.6656
246.1237	246.1237	18679.5196
246.1277	246.1277	17572.3689
246.1349	246.1349	4793.4339
246.1488	246.1488	2037.7148
246.1601	246.1601	10578.9866
246.9108	246.9108	17151.6339
247.0120	247.0120	123375.9299
247.0450	247.0450	2752.6908
247.0826	247.0826	21679.054
247.0866	247.0866	37954.0557
247.0947	247.0947	2316.4179
247.1058	247.1058	3665.4295
247.1077	247.1077	4884.6803
247.1104	247.1104	9197.0157
247.1189	247.1189	34145.2192
247.1229	247.1229	50738.8333
247.1441	247.1441	29702.8337
247.1553	247.1553	15672.826
247.1805	247.1805	2995.9599
248.0115	248.0115	13397.1187
248.0154	248.0154	1409.9503
248.0217	248.0217	231672.5726
248.0528	248.0528	1525.2048
248.0620	248.0620	19109.1807
248.0707	248.0707	2199.7591
248.0819	248.0819	7980.5769
248.0944	248.0944	7911.9448
248.1008	248.1008	1504.5441
248.1029	248.1029	11313.6491
248.1070	248.1070	31822.7118
248.1141	248.1141	13510.3814
248.1182	248.1182	29301.2465
248.1262	248.1262	1615.8145
248.1393	248.1393	33409.6977
248.1435	248.1435	2221.6888
248.1506	248.1506	9830.458
248.1757	248.1757	8426.6067
248.9913	248.9913	180721.6949
249.0088	249.0088	9466.1969
249.0572	249.0572	3499.5512
249.0657	249.0657	3005.9892
249.0898	249.0898	5653.6079
249.0982	249.0982	71679.8092
249.1022	249.1022	37284.7505
249.1135	249.1135	11436.9599
249.1233	249.1233	18960.2141
249.1259	249.1259	1672.3854
249.1346	249.1346	65314.3308
249.1386	249.1386	18551.5981
249.1597	249.1597	26183.062
249.1709	249.1709	4973.0517
249.9908	249.9908	18830.2106
250.0175	250.0175	9254.3377
250.0648	250.0648	1592.7059
250.0683	250.0683	3027.9355
250.0777	250.0777	66406.2904
250.0822	250.0822	8760.4228
250.0863	250.0863	4989.9276
250.0934	250.0934	49438.0041
250.0974	250.0974	28481.9148
250.1186	250.1186	25488.0723
250.1226	250.1226	3290.89
250.1298	250.1298	29222.8957
250.1338	250.1338	11537.9042
250.1550	250.1550	34847.7458
250.1663	250.1663	2666.8529
250.1913	250.1913	7152.2557
250.9705	250.9705	110399.1427
250.9881	250.9881	11738.1112
251.0729	251.0729	46905.8247
251.0813	251.0813	17217.728
251.0854	251.0854	4165.3327
251.1026	251.1026	12451.2219
251.1138	251.1138	97600.7367
251.1178	251.1178	22404.5246
251.1290	251.1290	5656.2955
251.1390	251.1390	16094.6985
251.1409	251.1409	7485.247
251.1502	251.1502	88237.2177
251.1542	251.1542	5723.2177
251.1615	251.1615	4831.3027
251.1754	251.1754	15191.0428
251.9701	251.9701	9999.504
252.0682	252.0682	3170.4576
252.0765	252.0765	5050.8463
252.0807	252.0807	59549.3946
252.0933	252.0933	71102.162
252.0978	252.0978	40802.2368
252.1019	252.1019	2207.8866
252.1091	252.1091	36063.0638
252.1131	252.1131	28006.4131
252.1171	252.1171	4234.3315
252.1342	252.1342	36177.2738
252.1382	252.1382	1509.435
252.1455	252.1455	22415.237
252.1495	252.1495	7086.1403
252.1537	252.1537	2660.9403
252.1706	252.1706	55563.5572
252.1819	252.1819	3544.7613
252.9185	252.9185	18036.9515
252.9498	252.9498	228192.8349
252.9673	252.9673	5573.9415
252.9771	252.9771	3281.2828
252.9834	252.9834	9715.6621
253.0760	253.0760	47339.1835
253.0842	253.0842	3197.9499
253.0885	253.0885	61346.3109
253.0969	253.0969	20479.5046
253.1010	253.1010	8636.0322
253.1183	253.1183	4365.1743
253.1295	253.1295	37842.6066
253.1335	253.1335	23533.9278
253.1547	253.1547	10086.9381
253.1658	253.1658	117474.1816
253.1699	253.1699	1520.4055
253.1910	253.1910	2037.7595
253.9493	253.9493	19633.2709
254.0713	254.0713	4244.513
254.0793	254.0793	3626.5168
254.0838	254.0838	17297.7391
254.0922	254.0922	17652.0118
254.0964	254.0964	163796.9889
254.1135	254.1135	23036.9177
254.1247	254.1247	88766.6464
254.1287	254.1287	12866.875
254.1498	254.1498	45282.0182
254.1611	254.1611	42552.6277
254.1651	254.1651	2598.5125
254.1691	254.1691	4374.6474
254.1862	254.1862	6043.8581
254.9466	254.9466	15515.0687
254.9627	254.9627	50034.6428
255.0791	255.0791	3409.2125
255.0916	255.0916	171523.8973
255.0976	255.0976	1225.0224
255.0997	255.0997	21684.2435
255.1042	255.1042	29206.8998
255.1088	255.1088	3995.6382
255.1127	255.1127	12051.7107
255.1240	255.1240	1747.9921
255.1339	255.1339	1867.8055
255.1451	255.1451	12111.4983
255.1491	255.1491	16744.0885
255.1702	255.1702	1348.2683
255.1815	255.1815	14806.3477
255.9622	255.9622	6196.5237
256.0031	256.0031	2130.7942
256.0756	256.0756	2388.4485
256.0868	256.0868	20580.9197
256.0929	256.0929	5202.6843
256.0950	256.0950	23440.8429
256.0994	256.0994	138828.6007
256.1078	256.1078	17062.6322
256.1120	256.1120	51834.8747
256.1291	256.1291	9353.3435
256.1403	256.1403	21451.2536
256.1444	256.1444	13734.3082
256.1656	256.1656	5740.6866
256.1767	256.1767	24349.242
256.9419	256.9419	8119.1212
256.9595	256.9595	4128.2808
257.0834	257.0834	5509.2324
257.0919	257.0919	2905.8749
257.0946	257.0946	16594.8288
257.1029	257.1029	23414.464
257.1073	257.1073	118779.5413
257.1131	257.1131	1660.825
257.1154	257.1154	2036.187
257.1199	257.1199	4509.2376
257.1244	257.1244	5187.1466
257.1284	257.1284	15070.0377
257.1396	257.1396	6773.9338
257.1608	257.1608	14418.3116
257.1647	257.1647	4071.4189
257.1720	257.1720	2661.4389
257.1970	257.1970	2292.0159
258.0187	258.0187	2302.8867
258.0787	258.0787	5205.8677
258.0913	258.0913	18460.0356
258.0982	258.0982	2153.9976
258.1025	258.1025	36646.3388
258.1084	258.1084	4327.551
258.1107	258.1107	11005.1058
258.1151	258.1151	17834.7003
258.1236	258.1236	22216.6904
258.1278	258.1278	11574.1181
258.1448	258.1448	9249.9465
258.1559	258.1559	2289.112
258.1601	258.1601	15085.2987
258.1926	258.1926	1936.6708
258.9577	258.9577	11577.6755
259.0542	259.0542	2211.0083
259.0866	259.0866	16579.3783
259.0975	259.0975	2164.7394
259.1077	259.1077	5058.0942
259.1104	259.1104	2601.3263
259.1188	259.1188	14118.1466
259.1229	259.1229	55335.4947
259.1441	259.1441	21746.9614
259.1553	259.1553	41787.1599
260.0528	260.0528	2693.3116
260.0818	260.0818	5405.8969
260.0945	260.0945	2467.578
260.1029	260.1029	4064.8253
260.1070	260.1070	18669.6905
260.1141	260.1141	3491.9608
260.1182	260.1182	20860.0946
260.1264	260.1264	2689.0052
260.1394	260.1394	29623.8024
260.1430	260.1430	8014.1392
260.1506	260.1506	6818.4436
260.1715	260.1715	2113.8776
260.1758	260.1758	3424.146
260.9368	260.9368	10337.5741
261.0276	261.0276	4183.1866
261.0699	261.0699	20745.5538
261.0869	261.0869	1959.3674
261.0981	261.0981	10906.7296
261.1022	261.1022	22901.5574
261.1134	261.1134	5563.5173
261.1234	261.1234	5578.5038
261.1346	261.1346	25932.9609
261.1385	261.1385	7806.0512
261.1598	261.1598	17636.6023
261.1710	261.1710	25527.7039
262.0651	262.0651	11225.8321
262.0975	262.0975	13974.4856
262.1163	262.1163	1324.7206
262.1187	262.1187	11381.0648
262.1225	262.1225	4121.9393
262.1298	262.1298	13539.3254
262.1339	262.1339	8427.451
262.1550	262.1550	33737.6582
262.1912	262.1912	1610.4328
262.9162	262.9162	4312.9258
263.0636	263.0636	1489.9674
263.0815	263.0815	1390.888
263.0855	263.0855	54943.9903
263.1029	263.1029	1505.7078
263.1138	263.1138	38000.066
263.1179	263.1179	14146.4949
263.1293	263.1293	2291.1626
263.1390	263.1390	9412.3348
263.1425	263.1425	1984.7529
263.1502	263.1502	35796.3061
263.1543	263.1543	4085.5486
263.1755	263.1755	2459.0481
263.1866	263.1866	1966.2733
264.0808	264.0808	51782.6931
264.0889	264.0889	2142.1057
264.0978	264.0978	3791.6129
264.1021	264.1021	1462.0044
264.1091	264.1091	22065.6748
264.1131	264.1131	10149.647
264.1320	264.1320	1425.2
264.1342	264.1342	24219.0106
264.1456	264.1456	9702.2328
264.1494	264.1494	2737.8755
264.1706	264.1706	25937.0331
264.1819	264.1819	1431.9562
264.9214	264.9214	4522.0566
265.0198	265.0198	9741.1043
265.0760	265.0760	12321.5036
265.0841	265.0841	4842.3567
265.0886	265.0886	48788.0993
265.0930	265.0930	10427.9782
265.0972	265.0972	1448.9504
265.1011	265.1011	18401.5005
265.1083	265.1083	1466.199
265.1184	265.1184	5168.8317
265.1270	265.1270	2516.8368
265.1295	265.1295	23860.1705
265.1335	265.1335	10405.5855
265.1547	265.1547	6499.6465
265.1659	265.1659	27788.5473
265.1908	265.1908	1569.6086
266.0150	266.0150	1397.849
266.0838	266.0838	50239.4421
266.0921	266.0921	8224.4084
266.0964	266.0964	54539.4546
266.1135	266.1135	22446.1615
266.1247	266.1247	12755.3725
266.1288	266.1288	8397.2559
266.1499	266.1499	36377.9372
266.1611	266.1611	31211.8229
266.1863	266.1863	9630.2593
266.9991	266.9991	199278.3696
267.0873	267.0873	3396.074
267.0916	267.0916	59872.8659
267.1003	267.1003	6377.2777
267.1042	267.1042	45799.6063
267.1088	267.1088	28447.1577
267.1127	267.1127	6891.518
267.1341	267.1341	1476.3903
267.1451	267.1451	15165.0329
267.1491	267.1491	6289.6824
267.1564	267.1564	3454.1284
267.1703	267.1703	3845.348
267.1815	267.1815	8466.6852
267.9944	267.9944	2612.8378
267.9987	267.9987	33423.8448
268.0025	268.0025	7108.9826
268.0868	268.0868	8803.7267
268.0928	268.0928	2147.8813
268.0949	268.0949	1339.9464
268.0995	268.0995	51018.8657
268.1078	268.1078	10137.1873
268.1120	268.1120	40607.749
268.1292	268.1292	15326.0656
268.1404	268.1404	120178.347
268.1445	268.1445	5237.338
268.1655	268.1655	26351.7487
268.1768	268.1768	18677.0713
268.2019	268.2019	2558.9703
268.9784	268.9784	184320.2625
268.9959	268.9959	15546.0918
269.0146	269.0146	1718.7144
269.0949	269.0949	1875.6115
269.1029	269.1029	4948.696
269.1073	269.1073	111398.848
269.1155	269.1155	1859.1363
269.1244	269.1244	26117.1108
269.1283	269.1283	6198.767
269.1358	269.1358	1827.627
269.1395	269.1395	4099.2657
269.1436	269.1436	1728.7487
269.1608	269.1608	7324.6502
269.1649	269.1649	2505.2936
269.1720	269.1720	3352.6032
269.9779	269.9779	23818.9159
269.9816	269.9816	2075.6267
269.9954	269.9954	1492.7884
270.0912	270.0912	12969.034
270.1026	270.1026	28511.7058
270.1084	270.1084	3630.2499
270.1106	270.1106	8183.5481
270.1151	270.1151	13639.6035
270.1236	270.1236	17516.4149
270.1276	270.1276	11134.0212
270.1447	270.1447	8409.9006
270.1560	270.1560	18818.2319
270.1601	270.1601	7127.9794
270.1812	270.1812	22794.8743
270.1923	270.1923	26222.3801
270.9291	270.9291	1703.1261
270.9576	270.9576	51017.2276
270.9751	270.9751	15561.1532
270.9941	270.9941	1471.5176
271.0865	271.0865	9625.2573
271.1078	271.1078	1744.8333
271.1105	271.1105	3805.5818
271.1185	271.1185	1915.7376
271.1229	271.1229	43480.3184
271.1400	271.1400	10029.9546
271.1441	271.1441	8511.2461
271.1513	271.1513	35330.0123
271.1553	271.1553	4846.566
271.1765	271.1765	3455.5937
271.1877	271.1877	3014.5912
271.9571	271.9571	7982.1153
271.9746	271.9746	1470.3535
272.0945	272.0945	1626.0402
272.1029	272.1029	2363.4404
272.1067	272.1067	5447.2862
272.1181	272.1181	11955.6308
272.1241	272.1241	2376.7834
272.1263	272.1263	2849.9396
272.1353	272.1353	1705.7655
272.1393	272.1393	14371.5409
272.1434	272.1434	1842.638
272.1717	272.1717	1527.0117
272.1757	272.1757	3829.3459
272.2079	272.2079	2105.7493
272.9369	272.9369	6921.2669
272.9543	272.9543	5780.2275
272.9731	272.9731	1800.197
273.1022	273.1022	16027.8098
273.1231	273.1231	2260.8684
273.1346	273.1346	5842.0111
273.1386	273.1386	8279.8608
273.1709	273.1709	3127.014
273.2032	273.2032	5655.1009
274.0777	274.0777	11618.1469
274.0974	274.0974	4492.2661
274.1032	274.1032	1660.8915
274.1186	274.1186	3838.0439
274.1297	274.1297	2323.3325
274.1337	274.1337	4960.8271
274.1549	274.1549	13784.9517
274.1663	274.1663	2909.2101
274.2740	274.2740	2132.1346
274.9525	274.9525	5860.2538
275.0729	275.0729	8043.0665
275.0812	275.0812	1523.8892
275.1137	275.1137	3554.3629
275.1178	275.1178	10777.5804
275.1389	275.1389	3223.0714
275.1502	275.1502	46312.7904
275.1754	275.1754	1452.415
275.1864	275.1864	1340.3989
276.0061	276.0061	24578.6618
276.0808	276.0808	2073.669
276.0934	276.0934	31990.9827
276.1090	276.1090	3398.3359
276.1132	276.1132	6000.901
276.1320	276.1320	1107.5325
276.1343	276.1343	25791.3505
276.1454	276.1454	16949.7353
276.1495	276.1495	2206.8807
276.1706	276.1706	30156.5951
276.1818	276.1818	4006.5777
276.8954	276.8954	2434.565
276.9317	276.9317	2753.1694
277.0758	277.0758	2009.0292
277.0886	277.0886	23334.0685
277.0931	277.0931	3321.8906
277.0970	277.0970	5293.9772
277.1011	277.1011	2431.7323
277.1183	277.1183	1287.427
277.1295	277.1295	17996.4034
277.1336	277.1336	4258.5058
277.1547	277.1547	3650.3368
277.1659	277.1659	30351.1204
278.0839	278.0839	2380.568
278.0922	278.0922	2031.8178
278.0964	278.0964	53203.9213
278.1135	278.1135	8168.0162
278.1248	278.1248	8968.7055
278.1288	278.1288	2746.4418
278.1499	278.1499	13358.6533
278.1613	278.1613	6546.2601
278.1863	278.1863	16218.7292
278.9112	278.9112	6307.2583
279.0917	279.0917	51979.2103
279.0998	279.0998	2733.5914
279.1042	279.1042	5038.8665
279.1087	279.1087	3850.5712
279.1452	279.1452	25489.8306
279.1492	279.1492	2309.5899
279.1564	279.1564	16586.0673
279.1704	279.1704	1860.6512
279.1815	279.1815	10066.0562
280.0868	280.0868	3216.0615
280.0995	280.0995	30633.5642
280.1040	280.1040	2202.349
280.1080	280.1080	2923.5712
280.1121	280.1121	21073.5674
280.1292	280.1292	12790.1033
280.1404	280.1404	16004.744
280.1444	280.1444	4151.0327
280.1656	280.1656	23609.5789
280.1767	280.1767	6666.3945
280.2018	280.2018	2943.7896
280.9783	280.9783	1539.0665
281.0147	281.0147	1843.5052
281.0948	281.0948	6456.1018
281.1028	281.1028	1523.3987
281.1073	281.1073	52405.3276
281.1153	281.1153	1391.2926
281.1244	281.1244	7314.967
281.1285	281.1285	1793.7862
281.1607	281.1607	9455.9743
281.1972	281.1972	5611.9503
282.0913	282.0913	1887.0317
282.1026	282.1026	10192.1854
282.1086	282.1086	1627.0261
282.1107	282.1107	2295.7875
282.1151	282.1151	20636.826
282.1196	282.1196	6652.6465
282.1237	282.1237	3009.0308
282.1277	282.1277	2787.2453
282.1448	282.1448	13972.1832
282.1560	282.1560	7194.2217
282.1602	282.1602	1366.3622
282.1812	282.1812	19762.5481
282.1924	282.1924	7782.5203
282.9941	282.9941	1409.0103
283.0304	283.0304	65255.902
283.0865	283.0865	1660.0385
283.1103	283.1103	2068.3525
283.1187	283.1187	2590.4504
283.1229	283.1229	31285.4187
283.1400	283.1400	14214.1764
283.1439	283.1439	2251.0402
283.1513	283.1513	2884.5739
283.1765	283.1765	9350.5576
283.1878	283.1878	1588.2404
284.0299	284.0299	7285.799
284.0945	284.0945	2245.4363
284.1028	284.1028	1336.2164
284.1069	284.1069	2747.2713
284.1182	284.1182	14412.0307
284.1241	284.1241	2784.1678
284.1265	284.1265	2356.0591
284.1394	284.1394	6029.6643
284.1434	284.1434	2953.5955
284.1604	284.1604	3805.2569
284.1717	284.1717	7813.5522
284.1759	284.1759	3030.8697
284.1969	284.1969	3743.583
284.2082	284.2082	1643.5885
284.2947	284.2947	2115.8906
284.3311	284.3311	1375.072
285.0096	285.0096	38195.5697
285.0272	285.0272	5707.9822
285.0699	285.0699	3334.9698
285.1022	285.1022	9623.6017
285.1345	285.1345	8336.0488
285.1387	285.1387	2537.2746
285.1558	285.1558	2763.1935
285.1595	285.1595	1647.2552
285.1669	285.1669	50345.8358
286.0093	286.0093	5529.5254
286.1336	286.1336	2297.4705
286.1398	286.1398	3350.2745
286.1509	286.1509	6865.4337
286.1550	286.1550	14563.2837
286.1661	286.1661	3131.7945
286.1703	286.1703	1347.064
286.9888	286.9888	1492.2137
287.0065	287.0065	2169.1961
287.0854	287.0854	8340.919
287.1178	287.1178	3494.5835
287.1390	287.1390	1376.2355
287.1502	287.1502	53738.5903
287.1826	287.1826	12435.5959
287.1865	287.1865	2448.9516
287.2189	287.2189	4962.466
288.0807	288.0807	11588.6201
288.1342	288.1342	9984.4872
288.1454	288.1454	4802.3137
288.1494	288.1494	1528.9861
288.1535	288.1535	2739.1288
288.1705	288.1705	3289.3596
288.1818	288.1818	4707.9092
288.9683	288.9683	4145.3751
289.0884	289.0884	3752.9323
289.1012	289.1012	5340.9913
289.1296	289.1296	1679.2736
289.1336	289.1336	1431.7173
289.1546	289.1546	2196.7526
289.1659	289.1659	21334.064
290.0836	290.0836	5717.0569
290.0924	290.0924	2310.9028
290.0964	290.0964	17837.4025
290.1246	290.1246	6013.8001
290.1498	290.1498	7689.74
290.1611	290.1611	13329.3802
290.1863	290.1863	3691.6041
290.9475	290.9475	5815.9666
291.0916	291.0916	11377.9859
291.1042	291.1042	15884.9984
291.1084	291.1084	1842.591
291.1451	291.1451	23441.9943
291.1815	291.1815	9950.8004
292.0994	292.0994	21551.2295
292.1040	292.1040	3267.9984
292.1078	292.1078	3460.1024
292.1120	292.1120	8729.3279
292.1291	292.1291	5325.6329
292.1403	292.1403	11829.6003
292.1631	292.1631	1713.2863
292.1655	292.1655	11584.9216
292.1768	292.1768	11036.0472
292.2018	292.2018	2485.9916
292.9269	292.9269	2032.1962
293.0095	293.0095	1571.4465
293.1073	293.1073	38122.6908
293.1199	293.1199	1666.1588
293.1244	293.1244	3959.8794
293.1607	293.1607	34595.2189
293.1719	293.1719	2306.9426
293.1971	293.1971	8360.432
294.0913	294.0913	1856.253
294.1026	294.1026	12173.6006
294.1151	294.1151	3316.2465
294.1196	294.1196	6334.9597
294.1276	294.1276	3561.4041
294.1447	294.1447	16234.2326
294.1560	294.1560	29813.2653
294.1813	294.1813	24360.9161
294.1925	294.1925	4594.2533
294.9060	294.9060	126303.4474
295.1230	295.1230	21307.5187
295.1401	295.1401	11165.8807
295.1513	295.1513	2276.5209
295.1765	295.1765	14569.8411
295.3106	295.3106	1367.2151
295.9056	295.9056	11260.8347
296.1064	296.1064	1914.5674
296.1182	296.1182	6532.6841
296.1240	296.1240	1387.5552
296.1353	296.1353	2958.5618
296.1393	296.1393	2621.6245
296.1433	296.1433	2377.5281
296.1605	296.1605	15867.201
296.1717	296.1717	8175.8558
296.1968	296.1968	18215.5237
296.2081	296.2081	5573.94
296.9028	296.9028	4677.6545
297.1022	297.1022	2783.9799
297.1346	297.1346	4256.6219
297.1385	297.1385	5116.403
297.1558	297.1558	13244.1824
297.1670	297.1670	5779.2752
297.1921	297.1921	9701.9019
297.9880	297.9880	2752.4877
298.1033	298.1033	1929.3226
298.1186	298.1186	1513.4557
298.1338	298.1338	3374.0981
298.1396	298.1396	4589.2072
298.1509	298.1509	9372.7744
298.1550	298.1550	23947.3143
298.1761	298.1761	25624.2438
298.1875	298.1875	2072.0159
298.2125	298.2125	1440.7811
298.3469	298.3469	1586.5447
299.0617	299.0617	17701.5721
299.0728	299.0728	1395.0629
299.1179	299.1179	3288.894
299.1461	299.1461	3117.511
299.1504	299.1504	2372.0526
299.1543	299.1543	2867.1428
299.1715	299.1715	2391.4254
299.1826	299.1826	4166.2551
299.2077	299.2077	6409.2247
300.0613	300.0613	2233.8564
300.0933	300.0933	9569.5397
300.1343	300.1343	2007.7523
300.1378	300.1378	1711.1178
300.1454	300.1454	2585.0004
300.1554	300.1554	2353.4208
300.1668	300.1668	4285.4913
300.1706	300.1706	4944.9479
301.0584	301.0584	2211.0767
301.0633	301.0633	65815.3899
301.0885	301.0885	4982.819
301.1295	301.1295	4662.49
301.1334	301.1334	1412.5598
301.1506	301.1506	2747.1851
301.1659	301.1659	3013.7746
302.0964	302.0964	7537.4587
302.1612	302.1612	10509.3212
302.1934	302.1934	3813.5861
302.1976	302.1976	1782.8838
303.0916	303.0916	8389.4157
303.1042	303.1042	1657.3448
303.1089	303.1089	1869.2972
303.1124	303.1124	1368.3066
303.1451	303.1451	14625.9983
303.1490	303.1490	1505.9022
303.1815	303.1815	5859.9992
304.0995	304.0995	2264.0536
304.1120	304.1120	9199.9494
304.1291	304.1291	1621.5464
304.1404	304.1404	9756.9474
304.1631	304.1631	1516.3661
304.1655	304.1655	9178.5769
304.1768	304.1768	50866.1449
305.1073	305.1073	13188.4772
305.1245	305.1245	3830.6452
305.1608	305.1608	27399.61
305.1971	305.1971	6980.2249
306.1026	306.1026	2780.4527
306.1150	306.1150	6649.4914
306.1196	306.1196	10601.2919
306.1448	306.1448	3246.4378
306.1561	306.1561	8957.4797
306.1603	306.1603	1940.5892
306.1812	306.1812	9475.5552
306.1924	306.1924	10358.4887
307.1229	307.1229	12116.1206
307.1400	307.1400	7406.4658
307.1764	307.1764	25341.9081
307.1876	307.1876	1328.4711
307.2127	307.2127	3313.9928
308.1181	308.1181	3873.3941
308.1352	308.1352	16003.9369
308.1604	308.1604	7394.3387
308.1716	308.1716	45571.6977
308.1758	308.1758	1426.3906
308.1968	308.1968	7716.101
308.2079	308.2079	3450.318
309.0297	309.0297	1339.9793
309.1193	309.1193	3502.7718
309.1387	309.1387	5235.022
309.1556	309.1556	22093.4782
309.1708	309.1708	2159.6011
309.1920	309.1920	23751.6055
309.2285	309.2285	2151.07
309.2900	309.2900	1709.4395
309.8392	309.8392	2872.6695
310.1398	310.1398	2349.306
310.1508	310.1508	1797.0475
310.1550	310.1550	1795.039
310.1760	310.1760	14336.7021
310.1873	310.1873	21121.0407
310.2124	310.2124	7835.4686
310.9710	310.9710	2356.436
311.0854	311.0854	3323.7729
311.1179	311.1179	2458.6209
311.1350	311.1350	4431.1216
311.1461	311.1461	3625.8416
311.1541	311.1541	1732.3111
311.1713	311.1713	47374.6611
311.1824	311.1824	7622.8057
311.2078	311.2078	6640.7699
311.2943	311.2943	2154.0726
312.1129	312.1129	1554.2556
312.1378	312.1378	1487.8647
312.1553	312.1553	13485.4353
312.1666	312.1666	9217.5472
312.1705	312.1705	2913.2018
312.1744	312.1744	1433.3192
312.1917	312.1917	7494.8827
312.2030	312.2030	4130.5603
312.9501	312.9501	21068.9876
313.1010	313.1010	5048.3942
313.1294	313.1294	4250.9454
313.1332	313.1332	1971.5609
313.1505	313.1505	3725.7864
313.1618	313.1618	7041.7227
313.1658	313.1658	4487.2658
313.1868	313.1868	1842.0031
313.1981	313.1981	9530.5971
313.2234	313.2234	3160.9628
313.9497	313.9497	3136.5597
314.0962	314.0962	3184.6457
314.1499	314.1499	2964.2273
314.1612	314.1612	1354.6241
314.1823	314.1823	2343.8798
314.2073	314.2073	2632.1922
314.2186	314.2186	1429.6304
314.9294	314.9294	39144.8714
314.9469	314.9469	2125.5607
314.9655	314.9655	1399.8102
315.0915	315.0915	1667.4163
315.1042	315.1042	3526.2292
315.1449	315.1449	1790.3709
315.1661	315.1661	2043.1796
315.1774	315.1774	11652.7652
315.1815	315.1815	16534.3829
315.9290	315.9290	6434.9465
316.0993	316.0993	3829.267
316.1656	316.1656	3046.4511
316.1767	316.1767	3854.3257
316.9086	316.9086	2416.7081
316.9263	316.9263	3178.2394
316.9451	316.9451	6102.0279
317.1072	317.1072	7238.0291
317.1607	317.1607	3606.144
317.1972	317.1972	2889.0086
318.1026	318.1026	2384.2245
318.1198	318.1198	2260.0454
318.1560	318.1560	9362.4527
318.1812	318.1812	2637.4376
318.1923	318.1923	3721.1179
319.0689	319.0689	5082.5815
319.1229	319.1229	7168.0209
319.1401	319.1401	3366.2093
319.1512	319.1512	1768.8356
319.1765	319.1765	10767.7455
319.2128	319.2128	2104.5718
320.1183	320.1183	2001.4897
320.1353	320.1353	24746.2441
320.1605	320.1605	4111.9506
320.1717	320.1717	35938.9211
320.1967	320.1967	2342.3327
321.1192	321.1192	2261.2
321.1387	321.1387	2281.1891
321.1557	321.1557	15847.236
321.1669	321.1669	3278.7382
321.1921	321.1921	14571.2285
321.2034	321.2034	4430.4801
321.2285	321.2285	4206.0907
322.0249	322.0249	5359.4542
322.1145	322.1145	1400.7782
322.1510	322.1510	21447.308
322.1762	322.1762	5319.8112
322.1873	322.1873	49416.128
322.2124	322.2124	1616.2553
322.2490	322.2490	4815.2805
323.0072	323.0072	4883.857
323.1350	323.1350	9137.7137
323.1462	323.1462	3122.8067
323.1714	323.1714	30107.6668
323.1826	323.1826	3189.6596
323.2078	323.2078	6416.7074
324.1190	324.1190	1381.9368
324.1302	324.1302	3066.4109
324.1552	324.1552	2120.8978
324.1665	324.1665	6479.3234
324.1705	324.1705	2048.2795
324.1918	324.1918	8925.4632
324.2029	324.2029	12017.7329
324.9866	324.9866	9735.9368
325.1335	325.1335	1539.754
325.1506	325.1506	4945.6689
325.1618	325.1618	4051.0942
325.1870	325.1870	22502.5812
325.1982	325.1982	34668.1335
325.2234	325.2234	3684.4403
326.0964	326.0964	2361.3543
326.1458	326.1458	15322.9906
326.1713	326.1713	1729.6242
326.1821	326.1821	2174.2363
326.2074	326.2074	2207.503
326.2187	326.2187	4184.8473
326.2439	326.2439	2209.345
326.3781	326.3781	1687.1802
326.9658	326.9658	3239.4653
327.1661	327.1661	3203.2411
327.2026	327.2026	21216.2808
327.2139	327.2139	24399.0404
328.1118	328.1118	1943.9268
328.1615	328.1615	4688.1591
328.1978	328.1978	2509.3691
328.2092	328.2092	5716.0079
328.2230	328.2230	1461.1816
328.2343	328.2343	2972.9996
328.9814	328.9814	5858.8466
329.1072	329.1072	2729.8288
329.1608	329.1608	2078.2737
329.1646	329.1646	1637.3254
329.2182	329.2182	2651.9137
329.2296	329.2296	4518.6582
330.1448	330.1448	1364.8595
330.1561	330.1561	5588.7035
330.1924	330.1924	32495.1758
330.9607	330.9607	24139.7174
331.1400	331.1400	1818.5747
331.1762	331.1762	2694.3438
331.1877	331.1877	2337.567
331.9602	331.9602	5212.4171
332.0203	332.0203	1398.9961
332.1603	332.1603	1736.8497
332.1717	332.1717	19495.4174
332.2040	332.2040	3086.2785
332.2081	332.2081	4781.6987
332.9400	332.9400	26898.2349
332.9575	332.9575	1877.9812
333.1557	333.1557	4577.4173
333.1670	333.1670	1789.1536
333.1919	333.1919	7185.3562
333.2032	333.2032	1711.3765
333.9395	333.9395	4658.4206
334.1509	334.1509	7443.0768
334.1760	334.1760	5057.5777
334.1872	334.1872	11904.4454
334.9193	334.9193	3038.9051
334.9368	334.9368	1429.8516
335.1347	335.1347	1898.5677
335.1714	335.1714	8054.5794
335.1826	335.1826	2435.5647
335.2076	335.2076	4638.8391
336.1303	336.1303	2230.3302
336.1666	336.1666	18495.3287
336.1918	336.1918	2817.4407
336.2030	336.2030	6283.6375
337.1506	337.1506	8606.4634
337.1618	337.1618	5899.3581
337.1843	337.1843	1646.5447
337.1870	337.1870	19066.2427
337.1983	337.1983	12127.7345
337.2234	337.2234	3149.4058
338.1281	338.1281	1648.071
338.1458	338.1458	7104.2118
338.1711	338.1711	2421.8474
338.1823	338.1823	16928.0686
338.2186	338.2186	4507.1988
339.1662	339.1662	6173.7477
339.1775	339.1775	31269.2904
339.2027	339.2027	23670.4852
339.2139	339.2139	19498.6784
339.2390	339.2390	7456.2087
340.1504	340.1504	1446.8784
340.1615	340.1615	13680.2027
340.1809	340.1809	1270.1215
340.1866	340.1866	6464.894
340.1979	340.1979	22369.755
340.2595	340.2595	20607.0931
341.0179	341.0179	1520.6268
341.1224	341.1224	11358.803
341.1607	341.1607	2061.2813
341.1646	341.1646	1773.7354
341.1819	341.1819	2784.2344
341.1932	341.1932	5518.8102
341.1972	341.1972	1707.915
341.2183	341.2183	17645.2825
341.2295	341.2295	9407.1973
341.2626	341.2626	1461.7893
342.2248	342.2248	4751.5704
342.9971	342.9971	39238.0108
343.1726	343.1726	2903.4405
343.1764	343.1764	2211.0072
343.2453	343.2453	1887.6013
343.9685	343.9685	10935.2821
343.9967	343.9967	8021.4815
344.1718	344.1718	2280.8171
344.1966	344.1966	1694.8629
344.9764	344.9764	110028.9344
344.9939	344.9939	3494.0433
345.0050	345.0050	3017.2212
345.9716	345.9716	1631.5468
345.9759	345.9759	20663.7285
345.9796	345.9796	1904.0744
346.1509	346.1509	13891.109
346.1874	346.1874	3942.3917
346.9557	346.9557	14493.5518
346.9731	346.9731	11938.7392
347.1684	347.1684	1924.7196
347.1713	347.1713	3120.9592
347.1825	347.1825	15433.8523
347.2076	347.2076	2452.6652
347.2189	347.2189	4281.7992
347.9553	347.9553	2409.7333
347.9725	347.9725	1300.3348
348.0703	348.0703	41518.6104
348.1301	348.1301	2509.4376
348.1666	348.1666	24123.6759
348.2031	348.2031	6802.3401
348.2142	348.2142	1859.3805
348.9348	348.9348	2581.3369
348.9524	348.9524	1545.4708
349.1506	349.1506	2533.2656
349.1618	349.1618	2758.0121
349.1870	349.1870	3793.3514
349.1982	349.1982	4661.9893
349.3212	349.3212	2162.1811
350.0859	350.0859	10628.0756
350.1457	350.1457	1931.9757
350.1823	350.1823	33712.5309
350.2186	350.2186	2004.3825
350.2299	350.2299	4038.5358
350.9505	350.9505	8779.8907
351.1412	351.1412	1684.343
351.1663	351.1663	12523.2783
351.1777	351.1777	6990.789
351.1855	351.1855	1402.7468
351.2026	351.2026	11337.5137
351.2138	351.2138	3421.8479
351.3369	351.3369	1488.0673
352.1614	352.1614	2785.079
352.1863	352.1863	1336.1302
352.1979	352.1979	21312.111
352.9299	352.9299	4013.0676
353.1819	353.1819	8688.0083
353.1931	353.1931	35448.6341
353.2183	353.2183	12080.0286
353.2296	353.2296	4944.7439
354.1771	354.1771	3742.3073
354.1884	354.1884	8638.6309
354.2136	354.2136	4964.4001
354.2246	354.2246	1985.3754
355.1613	355.1613	4780.2018
355.1976	355.1976	3195.6054
355.2088	355.2088	3610.7386
356.2040	356.2040	21431.523
356.2291	356.2291	9341.7414
356.2405	356.2405	3913.3842
356.8882	356.8882	4597.5769
357.1768	357.1768	5195.2382
357.1880	357.1880	3577.9748
357.1921	357.1921	3073.916
357.2132	357.2132	5590.6973
357.2244	357.2244	9100.1264
358.1875	358.1875	3272.3266
358.2197	358.2197	3473.2038
359.1825	359.1825	4159.8233
360.0265	360.0265	1905.0063
360.1663	360.1663	3675.2641
360.1920	360.1920	1416.7862
360.2028	360.2028	2335.5893
361.1983	361.1983	6250.3874
362.1822	362.1822	7815.2075
362.2185	362.2185	5316.4882
363.0155	363.0155	59864.8809
363.1041	363.1041	1442.1957
363.1775	363.1775	10128.7212
363.2026	363.2026	3947.518
363.2139	363.2139	4442.2475
363.2794	363.2794	1431.4894
363.3369	363.3369	1651.3322
364.1614	364.1614	3952.2835
364.1979	364.1979	7030.1947
364.2092	364.2092	1932.9943
364.2343	364.2343	2903.1765
365.1567	365.1567	10088.8016
365.1818	365.1818	5741.9686
365.1931	365.1931	47236.8434
365.2183	365.2183	6781.6214
365.2294	365.2294	4646.9851
365.2408	365.2408	4296.6155
365.3522	365.3522	1367.8944
366.1404	366.1404	1306.154
366.1771	366.1771	9595.822
366.1963	366.1963	2421.5824
366.2135	366.2135	3829.4986
366.9094	366.9094	1331.8914
366.9454	366.9454	4798.6724
367.1724	367.1724	1966.989
367.1975	367.1975	8359.1278
367.2088	367.2088	36963.4979
367.2338	367.2338	3753.1824
367.2453	367.2453	1371.518
368.1816	368.1816	1497.5635
368.1928	368.1928	6089.7506
368.2040	368.2040	7672.3196
368.2122	368.2122	1371.2357
368.2404	368.2404	1953.569
369.1406	369.1406	1359.3593
369.1767	369.1767	5469.0015
369.1882	369.1882	2166.2295
369.1920	369.1920	1451.7828
369.2131	369.2131	3094.2359
369.2243	369.2243	7669.5568
369.2496	369.2496	1381.6862
369.2606	369.2606	2157.8907
370.1720	370.1720	2158.2897
370.2197	370.2197	14592.4301
370.2814	370.2814	2200.8195
371.2036	371.2036	1517.8669
371.2289	371.2289	6155.5329
372.1877	372.1877	1439.638
372.2353	372.2353	3994.1278
372.8833	372.8833	56684.4891
373.1869	373.1869	1491.8722
373.1958	373.1958	1567.8709
373.2307	373.2307	3007.5888
373.8831	373.8831	2693.5566
374.2185	374.2185	2873.6069
374.2441	374.2441	2226.9534
374.2512	374.2512	1801.4674
374.8803	374.8803	2494.8769
375.2025	375.2025	2448.2895
375.2137	375.2137	5376.2906
375.2392	375.2392	1408.5082
376.1979	376.1979	5114.2073
376.2092	376.2092	6887.0887
377.1568	377.1568	3329.576
377.1931	377.1931	12723.7623
377.2182	377.2182	1694.5964
377.2296	377.2296	2173.9993
378.1408	378.1408	4995.0331
378.2133	378.2133	3740.4445
378.2251	378.2251	1718.8239
378.2501	378.2501	1636.007
379.1724	379.1724	3088.4079
379.1977	379.1977	3133.9198
379.2087	379.2087	6104.4724
379.2337	379.2337	1428.531
379.2452	379.2452	3129.9987
380.1563	380.1563	2161.463
380.1928	380.1928	4934.5505
380.2292	380.2292	2164.7287
381.1881	381.1881	2894.1092
381.2132	381.2132	6937.9015
381.2243	381.2243	1814.9954
381.2494	381.2494	2544.5076
381.2608	381.2608	4175.043
382.1832	382.1832	14346.1403
382.2085	382.2085	3886.761
382.2196	382.2196	18729.0915
382.2450	382.2450	3574.6401
383.1924	383.1924	2228.4454
383.2289	383.2289	1691.9349
383.2649	383.2649	1356.444
383.2766	383.2766	2234.9069
384.2242	384.2242	2333.5838
384.2353	384.2353	25386.107
384.2719	384.2719	1728.5677
386.2033	386.2033	1468.5836
386.2187	386.2187	1708.905
386.2510	386.2510	2727.7026
387.2462	387.2462	1856.1211
388.1980	388.1980	1371.7186
388.2340	388.2340	1784.1271
388.9483	388.9483	4168.3865
389.2293	389.2293	1987.7188
389.2546	389.2546	1342.9133
390.2133	390.2133	1870.1429
390.2498	390.2498	1899.5911
390.8937	390.8937	2130.702
391.1723	391.1723	2046.2827
391.1975	391.1975	1668.333
391.2087	391.2087	6150.8916
391.2341	391.2341	1332.7734
392.1927	392.1927	2241.674
392.2289	392.2289	2724.5989
392.2404	392.2404	6272.0097
393.1881	393.1881	10017.3983
393.2131	393.2131	2656.8728
393.2243	393.2243	2323.1137
393.2356	393.2356	3477.7838
393.9325	393.9325	39411.2288
394.2086	394.2086	4218.194
394.2198	394.2198	3243.2968
394.2449	394.2449	2584.6807
395.1674	395.1674	3397.0105
395.2038	395.2038	5134.776
395.2402	395.2402	1916.7732
396.1877	396.1877	1898.5873
396.1991	396.1991	12168.6538
396.2242	396.2242	4197.4208
396.2354	396.2354	4224.3843
396.2604	396.2604	3243.6614
397.1829	397.1829	2198.7375
397.2310	397.2310	1831.5579
398.2149	398.2149	1751.1464
398.2511	398.2511	1717.4411
399.2026	399.2026	1600.5447
399.2099	399.2099	1825.9189
399.2236	399.2236	1745.5775
399.2461	399.2461	2673.0986
400.2343	400.2343	5285.4235
400.9845	400.9845	9079.5051
401.2297	401.2297	3622.2247
401.2618	401.2618	2465.3141
402.9638	402.9638	24542.971
403.2455	403.2455	2075.5329
403.9636	403.9636	7781.7185
404.1926	404.1926	1495.6915
404.9430	404.9430	6593.0679
405.1882	405.1882	6093.5062
405.2129	405.2129	2834.4835
405.2243	405.2243	3317.4035
405.2606	405.2606	1591.9574
406.2083	406.2083	1807.7146
406.2449	406.2449	2151.8398
407.2039	407.2039	4232.5811
407.2288	407.2288	3082.8861
407.2403	407.2403	5190.3087
407.2763	407.2763	1493.7897
408.1877	408.1877	2093.7931
408.2243	408.2243	1954.8051
408.2353	408.2353	2634.1742
408.2603	408.2603	1595.8497
409.1826	409.1826	1532.1688
409.2194	409.2194	4072.5059
409.2448	409.2448	1670.8259
409.2557	409.2557	1415.0477
410.2147	410.2147	2488.9911
410.2397	410.2397	21508.7451
410.2512	410.2512	3345.1119
410.2761	410.2761	1859.3881
411.2349	411.2349	1773.7801
411.2462	411.2462	2682.2516
412.2304	412.2304	2409.912
413.2255	413.2255	5274.5352
414.2135	414.2135	1744.7879
414.2460	414.2460	1331.8733
414.8393	414.8393	5419.0303
415.2448	415.2448	1594.9183
416.2293	416.2293	1735.7146
417.2244	417.2244	4014.0877
417.2607	417.2607	3924.4732
418.2447	418.2447	2333.1581
418.2561	418.2561	1889.4499
419.2037	419.2037	10927.8097
419.2402	419.2402	4570.7051
419.2764	419.2764	1901.1211
420.2241	420.2241	2535.1262
420.2353	420.2353	2627.3869
420.2602	420.2602	1751.68
421.1829	421.1829	1306.7869
421.2193	421.2193	7287.6676
421.2555	421.2555	2228.2437
422.2147	422.2147	5339.411
422.2393	422.2393	2365.9479
423.2352	423.2352	2130.5075
423.2714	423.2714	3199.6407
424.2188	424.2188	5173.4101
424.2303	424.2303	5215.151
424.2555	424.2555	3741.6054
424.2666	424.2666	1369.601
425.2147	425.2147	1987.8347
425.2397	425.2397	2092.4871
425.2509	425.2509	1837.1742
426.2248	426.2248	2724.3006
426.2344	426.2344	1475.1551
426.2461	426.2461	3736.2004
426.2823	426.2823	2527.6229
427.2416	427.2416	2085.5285
428.0366	428.0366	143707.9384
428.2503	428.2503	6354.6697
428.2978	428.2978	2611.1866
429.0398	429.0398	4853.6045
429.2572	429.2572	1277.0288
430.2041	430.2041	2143.1471
430.2195	430.2195	1307.6089
430.2414	430.2414	1479.9556
431.2401	431.2401	1951.1511
432.2352	432.2352	1460.816
432.2605	432.2605	1327.8852
432.8501	432.8501	14382.5831
433.2191	433.2191	4116.4764
433.2558	433.2558	10906.6471
434.2394	434.2394	3192.3868
434.2509	434.2509	17720.7534
435.2349	435.2349	1810.2255
435.2456	435.2456	1325.0589
435.2713	435.2713	5611.1224
436.2186	436.2186	1534.926
436.2302	436.2302	8786.9017
436.2554	436.2554	2430.2285
436.2664	436.2664	7607.9557
437.2141	437.2141	4384.761
437.2505	437.2505	2380.867
437.2872	437.2872	3259.4407
438.2344	438.2344	2887.9109
438.2459	438.2459	4558.5137
438.2710	438.2710	2304.6548
438.2822	438.2822	7023.0176
438.3074	438.3074	2873.7087
439.2300	439.2300	4502.2486
439.2413	439.2413	8187.3212
440.2251	440.2251	3066.3243
440.2293	440.2293	1351.7577
440.2500	440.2500	1699.8968
440.2869	440.2869	3548.1573
441.2456	441.2456	4459.9908
441.2566	441.2566	10814.5039
442.2408	442.2408	1414.0108
443.2400	443.2400	3574.6182
443.2723	443.2723	2306.0813
444.0913	444.0913	2910.3912
445.2197	445.2197	2494.4687
445.2561	445.2561	2020.9416
446.2509	446.2509	3901.7317
447.2309	447.2309	1556.7946
447.2348	447.2348	3131.1509
447.2712	447.2712	2793.6473
448.2383	448.2383	2771.3478
448.2534	448.2534	5364.3046
448.2664	448.2664	4249.9654
449.2142	449.2142	1778.3856
449.2504	449.2504	5512.8429
450.0186	450.0186	1528.364
450.2094	450.2094	2393.229
450.2347	450.2347	2559.5838
450.2823	450.2823	16047.8255
451.2298	451.2298	4641.7678
451.2660	451.2660	1592.7109
452.2132	452.2132	2038.785
452.2253	452.2253	1434.8016
452.2500	452.2500	2318.8063
452.2617	452.2617	1867.2481
452.2863	452.2863	2596.9548
452.2979	452.2979	11012.4521
453.2568	453.2568	6635.3971
453.2931	453.2931	2163.8228
453.3433	453.3433	2622.0983
454.2406	454.2406	2409.693
454.2518	454.2518	1737.7628
454.2660	454.2660	3213.1846
454.2772	454.2772	3461.1018
454.3137	454.3137	2961.3318
454.3386	454.3386	1876.993
455.2726	455.2726	5482.3748
456.2565	456.2565	3086.4458
456.2677	456.2677	5643.1691
457.1860	457.1860	2744.9087
458.2721	458.2721	1360.269
458.9720	458.9720	1465.8086
459.2350	459.2350	1778.9222
460.2300	460.2300	2339.9932
460.2667	460.2667	3980.9772
460.9514	460.9514	10343.1145
461.2505	461.2505	4597.3268
462.2459	462.2459	9823.2081
462.2710	462.2710	3993.5311
462.2825	462.2825	2158.5162
462.2933	462.2933	2122.8594
462.9478	462.9478	1522.5399
463.2300	463.2300	1354.3941
463.2663	463.2663	11623.5019
464.2252	464.2252	5352.3488
464.2504	464.2504	1961.6955
464.2616	464.2616	7857.5437
465.2459	465.2459	2338.0508
465.2812	465.2812	6433.4038
465.2934	465.2934	1563.7896
466.2407	466.2407	2411.5009
466.2772	466.2772	7122.0532
467.2250	467.2250	1383.9109
467.2360	467.2360	11610.0437
467.2613	467.2613	3252.6068
467.2723	467.2723	1413.4018
468.2451	468.2451	6522.7691
468.2565	468.2565	10890.4475
469.2410	469.2410	1866.1148
470.2617	470.2617	2919.2673
470.3087	470.3087	3654.2551
472.2399	472.2399	1815.2442
472.2665	472.2665	1791.2905
474.2132	474.2132	1597.9205
474.2463	474.2463	1873.2667
474.2820	474.2820	1980.2929
475.2288	475.2288	1335.8285
475.2664	475.2664	2732.5103
475.2776	475.2776	1709.748
475.3026	475.3026	1660.5495
476.2618	476.2618	8917.3998
476.2690	476.2690	1415.0421
477.2453	477.2453	3060.1534
477.2568	477.2568	1462.8681
478.0096	478.0096	11330.0081
478.2405	478.2405	1398.8958
478.2772	478.2772	38956.8656
478.9623	478.9623	1860.0794
479.2725	479.2725	32348.7776
480.2452	480.2452	2412.769
480.2566	480.2566	1852.3833
480.2756	480.2756	1370.8763
480.2928	480.2928	14612.2508
481.2396	481.2396	1489.6443
481.2515	481.2515	7354.8505
481.2769	481.2769	3559.0333
481.2883	481.2883	4716.6377
482.2358	482.2358	1243.9363
482.2607	482.2607	4951.9487
483.3039	483.3039	4329.0151
484.2624	484.2624	5778.7458
485.2505	485.2505	1971.5299
485.2717	485.2717	8380.0873
485.2828	485.2828	2175.0465
485.3193	485.3193	1682.7058
486.2792	486.2792	5001.8027
488.2615	488.2615	2273.1189
488.2722	488.2722	1610.314
489.2448	489.2448	1923.4495
490.2407	490.2407	1399.668
490.2770	490.2770	5810.6342
490.2880	490.2880	1729.9256
490.3134	490.3134	1487.6801
491.2957	491.2957	10297.2288
491.3090	491.3090	2207.3559
492.2565	492.2565	1559.3555
492.2929	492.2929	2459.5207
492.8170	492.8170	3269.4492
493.0169	493.0169	88206.1601
493.2407	493.2407	1739.2719
493.2881	493.2881	11118.6862
494.0205	494.0205	1512.3938
494.2596	494.2596	1481.9049
494.2723	494.2723	3082.0925
494.2833	494.2833	1392.492
495.0125	495.0125	3653.4355
495.2199	495.2199	5026.3323
495.2925	495.2925	1759.0686
495.3036	495.3036	8555.0351
496.2524	496.2524	1562.1234
496.2882	496.2882	1973.5874
496.2991	496.2991	12758.2196
497.2480	497.2480	2022.8238
497.2717	497.2717	1312.6262
497.3087	497.3087	1933.924
497.3193	497.3193	6891.8073
498.2783	498.2783	5318.0085
498.3144	498.3144	2141.5703
499.2627	499.2627	1996.268
499.2875	499.2875	4328.53
499.3346	499.3346	3056.1137
501.2543	501.2543	2683.4538
501.2818	501.2818	2741.36
501.2892	501.2892	3196.4754
502.3385	502.3385	1645.5251
504.2564	504.2564	3740.9444
504.2931	504.2931	5107.9696
505.3131	505.3131	1400.3845
506.2354	506.2354	1305.4189
506.2722	506.2722	5115.8194
507.2306	507.2306	1326.6326
507.2674	507.2674	3709.0664
507.2925	507.2925	2554.9154
508.2511	508.2511	2302.7761
508.2877	508.2877	2893.4579
509.2721	509.2721	2580.1408
509.3198	509.3198	1855.318
510.3146	510.3146	1546.394
512.2944	512.2944	1690.3869
512.3303	512.3303	3777.0235
513.3026	513.3026	1365.2669
514.2740	514.2740	2365.5673
515.2829	515.2829	1499.3925
515.3334	515.3334	2105.2688
516.2928	516.2928	5148.3142
518.2721	518.2721	1862.7681
519.2923	519.2923	1598.7542
520.2877	520.2877	2966.3668
520.3249	520.3249	1430.716
521.2716	521.2716	2176.5438
521.2831	521.2831	2074.7607
521.3198	521.3198	1549.6808
521.3440	521.3440	1784.5061
523.2875	523.2875	4082.9612
523.2989	523.2989	1520.3202
523.3099	523.3099	1619.0495
523.3238	523.3238	2541.4919
523.3353	523.3353	1416.221
524.0578	524.0578	120846.7586
524.2711	524.2711	1655.9811
524.2941	524.2941	4593.0546
525.0612	525.0612	7792.1315
525.2781	525.2781	1529.5038
525.3394	525.3394	2927.2376
526.3093	526.3093	3302.8948
528.2928	528.2928	1580.1355
530.2718	530.2718	1384.3865
531.3024	531.3024	8687.4957
532.2874	532.2874	4008.1062
532.3239	532.3239	2564.0372
532.3604	532.3604	2305.5795
533.2826	533.2826	2664.6568
533.3082	533.3082	4339.5638
533.3191	533.3191	2253.9869
534.3036	534.3036	2502.2641
535.2869	535.2869	2104.1812
535.2988	535.2988	3098.5211
535.3349	535.3349	3232.6063
536.2829	536.2829	1430.9963
536.2942	536.2942	1896.6341
537.3139	537.3139	1458.7939
538.2982	538.2982	3388.9731
538.3348	538.3348	3568.5701
538.3463	538.3463	1708.5921
539.2820	539.2820	4173.5984
540.3255	540.3255	2216.1899
541.2844	541.2844	1844.6691
541.2980	541.2980	38617.6832
542.0684	542.0684	41949.3308
542.2716	542.2716	1690.9783
542.3409	542.3409	1362.9578
543.3035	543.3035	1481.4844
545.2699	545.2699	1587.9707
546.3022	546.3022	1715.9603
546.3392	546.3392	2358.4163
549.0796	549.0796	69853.8759
549.3030	549.3030	1445.568
549.3144	549.3144	1303.1584
550.0828	550.0828	2486.9484
550.2983	550.2983	2835.8253
550.3461	550.3461	6360.3626
550.6288	550.6288	5781.266
551.0753	551.0753	2311.1953
551.3664	551.3664	1382.5844
552.3137	552.3137	2124.2521
552.3248	552.3248	5440.5926
552.7838	552.7838	3058.6864
553.3099	553.3099	2264.2018
553.7833	553.7833	1473.6415
554.3411	554.3411	2439.3462
555.3249	555.3249	1860.1775
556.3084	556.3084	2377.1996
556.3564	556.3564	1906.1581
558.3248	558.3248	12404.988
559.2982	559.2982	2671.2177
561.3141	561.3141	3654.3753
562.2983	562.2983	1967.566
563.2799	563.2799	13601.2063
563.3179	563.3179	1353.3055
563.3299	563.3299	6489.2418
563.3662	563.3662	2139.1033
564.3141	564.3141	3372.7233
564.3512	564.3512	1508.2531
565.3566	565.3566	2305.9254
566.3407	566.3407	1740.5664
567.3145	567.3145	1626.5802
568.3562	568.3562	2220.5331
569.3157	569.3157	4302.9326
570.3358	570.3358	3670.5521
573.3135	573.3135	2905.1353
575.0787	575.0787	1517.0342
575.3296	575.3296	4861.7631
575.3412	575.3412	2381.8345
575.3550	575.3550	1932.7719
576.3253	576.3253	3553.7464
576.3504	576.3504	1916.1732
577.2726	577.2726	3237.6038
577.3457	577.3457	2010.8096
578.3290	578.3290	1813.4028
578.3408	578.3408	11085.7725
579.3247	579.3247	2727.0311
580.3075	580.3075	2606.1136
580.3450	580.3450	2150.0648
580.3568	580.3568	1436.7261
581.3293	581.3293	2646.8416
581.3399	581.3399	1858.5555
582.3381	582.3381	1262.4004
583.2959	583.2959	1567.6578
584.3268	584.3268	1752.59
584.3517	584.3517	1470.7067
585.3106	585.3106	1677.0026
586.3332	586.3332	2325.9105
587.2952	587.2952	1335.756
589.2525	589.2525	1943.1952
589.3088	589.3088	9660.5398
589.3450	589.3450	1841.4814
589.3570	589.3570	2740.7115
590.8992	590.8992	11179.2992
591.3609	591.3609	5792.1234
592.3096	592.3096	1017.1561
592.3566	592.3566	2920.9042
593.0034	593.0034	2760.2962
593.3520	593.3520	1531.1096
594.3365	594.3365	3784.8169
594.3720	594.3720	3249.7011
595.3198	595.3198	2555.265
595.3674	595.3674	2453.7418
596.3515	596.3515	2423.2185
596.3882	596.3882	3298.0619
597.3465	597.3465	2424.5435
598.3559	598.3559	21836.0343
598.4034	598.4034	1993.6089
599.3600	599.3600	2306.5826
600.3232	600.3232	1516.6779
602.3397	602.3397	2627.6782
603.3247	603.3247	1404.0118
605.1422	605.1422	6824.2631
605.3044	605.3044	2153.5719
606.3357	606.3357	2485.5914
607.3194	607.3194	3628.3433
609.3351	609.3351	2333.7958
609.3829	609.3829	3094.0852
610.3186	610.3186	2013.8521
611.3623	611.3623	1326.9088
612.3222	612.3222	2909.076
613.3666	613.3666	1503.5237
617.3402	617.3402	1624.3779
617.3513	617.3513	2218.5751
619.3186	619.3186	2002.0237
620.3155	620.3155	2177.1004
620.3508	620.3508	1383.0364
621.3836	621.3836	1425.7251
623.3144	623.3144	4423.6756
624.3944	624.3944	1471.942
627.3454	627.3454	2010.615
629.3364	629.3364	1406.8805
629.3739	629.3739	1316.1266
631.3198	631.3198	1497.2334
632.3761	632.3761	3988.5037
634.2733	634.2733	4009.6606
634.3781	634.3781	1469.8988
635.2778	635.2778	1907.7922
635.3245	635.3245	1322.722
640.3532	640.3532	1324.5097
641.4206	641.4206	1583.446
645.3448	645.3448	1833.704
645.3709	645.3709	1431.5851
646.3793	646.3793	1321.6303
648.3456	648.3456	1309.4784
650.3618	650.3618	1916.4233
651.3815	651.3815	1499.8002
652.3421	652.3421	1777.5961
652.3665	652.3665	1719.3381
655.3557	655.3557	1227.0097
656.3605	656.3605	1759.7763
660.3465	660.3465	1907.3946
662.3047	662.3047	2200.2972
663.3445	663.3445	1805.9914
663.3572	663.3572	1487.3741
664.1164	664.1164	8604.7129
664.3661	664.3661	12862.2318
665.3709	665.3709	1851.0787
669.3566	669.3566	7411.4396
669.3930	669.3930	11145.7675
670.3281	670.3281	2279.6817
670.3946	670.3946	1320.4748
671.3620	671.3620	2588.6783
674.3978	674.3978	5997.1688
674.4094	674.4094	1327.0646
678.3584	678.3584	2010.6535
680.4092	680.4092	2707.5077
681.3471	681.3471	1314.932
682.3992	682.3992	1757.9817
683.3863	683.3863	1797.7741
683.4194	683.4194	1735.4144
686.3614	686.3614	2045.5191
686.3832	686.3832	1821.7901
688.3781	688.3781	1590.0324
690.3941	690.3941	1722.8618
691.4247	691.4247	7953.3553
692.3833	692.3833	1765.6582
694.3998	694.3998	1377.2691
697.3752	697.3752	1704.6543
700.3768	700.3768	1338.3187
702.3927	702.3927	3993.2262
707.4199	707.4199	1321.9612
708.3568	708.3568	1620.9589
711.3908	711.3908	1642.0336
711.4394	711.4394	1723.8008
713.3689	713.3689	1316.5143
713.4067	713.4067	3661.5177
716.4086	716.4086	2691.9582
717.3686	717.3686	1415.0984
717.4037	717.4037	1709.3259
718.4369	718.4369	1977.0739
719.4199	719.4199	1314.3325
720.4025	720.4025	1615.4932
721.3632	721.3632	1357.294
721.3869	721.3869	1998.2766
722.3967	722.3967	1412.2751
722.4071	722.4071	1162.4485
724.4466	724.4466	2702.8275
725.4057	725.4057	2836.8056
726.4621	726.4621	1723.2148
727.4198	727.4198	1435.9076
729.4025	729.4025	1420.1113
730.4262	730.4262	1367.8077
730.4609	730.4609	2444.8851
735.4142	735.4142	1868.4991
736.3982	736.3982	3901.3539
737.4033	737.4033	1553.829
754.4458	754.4458	3796.1358
757.3968	757.3968	1576.5104
758.4288	758.4288	1661.7583
761.4053	761.4053	1387.793
761.4309	761.4309	2115.3364
762.4260	762.4260	1375.6406
764.4134	764.4134	1303.5919
764.4299	764.4299	2887.714
765.4031	765.4031	2250.6992
768.3663	768.3663	1342.0556
774.4248	774.4248	1448.0465
776.4281	776.4281	3030.4992
780.4241	780.4241	1319.1326
781.4563	781.4563	1462.7434
781.4676	781.4676	2570.8283
782.4404	782.4404	5977.0684
782.4765	782.4765	4249.0645
783.4824	783.4824	1893.7038
784.5041	784.5041	2313.1732
787.4209	787.4209	1440.8151
788.4298	788.4298	2327.1236
789.4252	789.4252	1264.3101
789.4344	789.4344	1671.307
791.4885	791.4885	1308.0617
792.4252	792.4252	3030.3439
797.4513	797.4513	2065.5851
799.4591	799.4591	1243.7714
802.4636	802.4636	2847.0364
804.2769	804.2769	2780.2104
809.4656	809.4656	2886.7415
815.4765	815.4765	1834.3796
817.4199	817.4199	1307.9746
821.4489	821.4489	1391.73
824.4744	824.4744	1856.8918
826.4890	826.4890	2604.434
827.4919	827.4919	1627.4261
832.3082	832.3082	7130.3052
833.3107	833.3107	2016.9653
833.4514	833.4514	1766.6123
836.4999	836.4999	1645.0209
841.4995	841.4995	1301.4296
846.4705	846.4705	1416.9994
848.4953	848.4953	1427.8191
858.4831	858.4831	1347.23
861.4826	861.4826	1361.1856
864.4570	864.4570	2158.2689
867.5302	867.5302	2177.6224
872.4889	872.4889	1380.405
874.4774	874.4774	1902.1942
876.4923	876.4923	1611.59
880.5248	880.5248	2491.6748
881.5325	881.5325	1459.5906
886.4879	886.4879	1643.0447
889.5126	889.5126	1901.7567
895.5242	895.5242	5576.1205
897.5872	897.5872	1507.4028
905.5089	905.5089	1465.9282
914.5565	914.5565	1789.6534
918.4942	918.4942	1603.9396
929.5818	929.5818	1678.0431
933.5248	933.5248	1360.6737
934.5345	934.5345	1478.4974
947.5206	947.5206	1956.7371
962.5301	962.5301	7356.6267
963.5258	963.5258	3702.4348
969.4984	969.4984	1902.8029
971.5771	971.5771	1881.1696
978.5453	978.5453	1504.3816
982.5810	982.5810	1961.0028
999.5696	999.5696	1481.1409
1004.5882	1004.5882	14281.8246
1005.5922	1005.5922	2429.3877
1011.5742	1011.5742	1544.7298
1014.5715	1014.5715	1946.7691
1017.5651	1017.5651	1707.6397
1026.5708	1026.5708	2776.0362
1032.5831	1032.5831	35816.7293
1033.5448	1033.5448	1388.6305
1033.5871	1033.5871	6665.0369
1049.6096	1049.6096	5842.8926
1050.6105	1050.6105	2039.607
1071.5915	1071.5915	1602.4609
1075.6254	1075.6254	2062.8411
1078.6184	1078.6184	1305.1018
1090.6056	1090.6056	1350.6434
1100.5832	1100.5832	2454.256
1101.5882	1101.5882	1793.442
1101.6048	1101.6048	2159.4231
1118.6318	1118.6318	3011.2438
1119.6365	1119.6365	1305.8817
1120.6477	1120.6477	1586.48
1127.6657	1127.6657	1835.7558
1130.5998	1130.5998	1430.4027
1142.6139	1142.6139	1322.2024
1146.6260	1146.6260	18858.8389
1147.6292	1147.6292	5977.9413
1148.6099	1148.6099	2459.0875
1163.6524	1163.6524	4535.9343
1164.6554	1164.6554	1350.8736
1209.6181	1209.6181	1658.2351
1214.6881	1214.6881	1818.3607
1214.7382	1214.7382	1316.136
1217.7024	1217.7024	1449.7177
1219.6456	1219.6456	1689.617
1231.7156	1231.7156	4224.9156
1232.7178	1232.7178	4660.6784
1240.6649	1240.6649	1776.1442
1253.6967	1253.6967	1668.8349
1255.7039	1255.7039	1612.7602
1259.7098	1259.7098	17045.8921
1260.7139	1260.7139	6446.2066
1261.7169	1261.7169	2900.4475
1276.7368	1276.7368	1953.8758
1297.7078	1297.7078	1516.51
1372.7937	1372.7937	14895.3199
1373.7963	1373.7963	8221.0796
1384.7219	1384.7219	5240.8064
1385.7251	1385.7251	3354.5334
1389.8187	1389.8187	2509.7014
1436.8005	1436.8005	1471.0648
1500.8890	1500.8890	4301.2741
1501.8920	1501.8920	3754.6867
1517.9145	1517.9145	1959.577
1601.9341	1601.9341	1726.5319
1611.9175	1611.9175	1720.964
1620.9089	1620.9089	1379.8824
1622.9149	1622.9149	1702.6854
1623.9175	1623.9175	1357.5445
1624.9225	1624.9225	1497.7759
1646.9547	1646.9547	1850.8562
1691.9231	1691.9231	1473.8772
1730.9722	1730.9722	1401.2078
1752.9549	1752.9549	1354.7168
1753.9671	1753.9671	1322.9006
1759.9719	1759.9719	1856.5252
1868.0337	1868.0337	1861.8677
1869.0429	1869.0429	1944.328
1896.0347	1896.0347	2888.5326
1905.0542	1905.0542	1365.5935
1967.1055	1967.1055	2116.3159
1968.1071	1968.1071	5324.3808
1969.1135	1969.1135	1479.0086
1994.0816	1994.0816	1695.7728
1995.0994	1995.0994	22774.9015
1996.1033	1996.1033	23086.0872
1997.1058	1997.1058	7328.4705
