150.0462	150.0462	1328.769
151.0212	151.0212	1654.4989
151.0324	151.0324	1831.1305
151.0415	151.0415	2197.9341
151.0477	151.0477	2215.248
151.0500	151.0500	31598.5304
151.0541	151.0541	23892.7736
151.0841	151.0841	3155.6204
151.0865	151.0865	236531.522
151.0977	151.0977	3896.0129
151.1058	151.1058	1311.139
151.1229	151.1229	70015.7001
152.0317	152.0317	2058.8214
152.0494	152.0494	37066.1003
152.0527	152.0527	2224.6567
152.0619	152.0619	1467144.657
152.0705	152.0705	72955.1902
152.0817	152.0817	76902.4527
152.0898	152.0898	4967.9819
152.0943	152.0943	1913.6302
152.1069	152.1069	59289.2911
152.1181	152.1181	10295.2693
152.1433	152.1433	25138.3116
153.0446	153.0446	8130.1885
153.0572	153.0572	115689.2973
153.0654	153.0654	185689.3215
153.0698	153.0698	511576.495
153.1021	153.1021	172542.5504
153.1133	153.1133	1765.7758
153.1385	153.1385	40840.431
154.0608	154.0608	7006.7152
154.0650	154.0650	1335147.298
154.0686	154.0686	2799.5304
154.0731	154.0731	48957.0578
154.0775	154.0775	55265.5206
154.0861	154.0861	54266.1732
154.0973	154.0973	16633.0614
154.1055	154.1055	2581.3798
154.1225	154.1225	24422.7973
154.1337	154.1337	1221.675
155.0450	155.0450	2249.165
155.0490	155.0490	27425.1409
155.0602	155.0602	394910.2498
155.0683	155.0683	125730.9804
155.0728	155.0728	159470.1792
155.0813	155.0813	39784.3037
155.0854	155.0854	84156.6638
155.0926	155.0926	31877.0166
155.1177	155.1177	71277.6807
156.0442	156.0442	23613.0892
156.0555	156.0555	26076.545
156.0636	156.0636	19372.9945
156.0680	156.0680	300894.1117
156.0764	156.0764	4622.0998
156.0807	156.0807	807726.3855
156.0888	156.0888	1165.1039
156.1018	156.1018	27700.4973
156.1131	156.1131	5752.8076
157.0348	157.0348	3928.7466
157.0521	157.0521	7298.0898
157.0607	157.0607	3487.903
157.0634	157.0634	57747.2694
157.0647	157.0647	118855.9653
157.0715	157.0715	14308.6649
157.0759	157.0759	487874.7039
157.0840	157.0840	70548.9715
157.0885	157.0885	110623.4108
157.0970	157.0970	13612.4116
157.1011	157.1011	1594.7461
157.1083	157.1083	171105.6494
157.1335	157.1335	1846.1642
158.0150	158.0150	2383.8118
158.0186	158.0186	5255.3198
158.0599	158.0599	174726.2185
158.0680	158.0680	2342.4199
158.0712	158.0712	110538.3355
158.0725	158.0725	1744.5657
158.0793	158.0793	31458.9079
158.0837	158.0837	211828.6865
158.0922	158.0922	8856.8409
158.0963	158.0963	264893.8823
159.0139	159.0139	9085.1333
159.0262	159.0262	1152.4234
159.0440	159.0440	2154.5641
159.0504	159.0504	10626.8258
159.0552	159.0552	36086.323
159.0633	159.0633	3781.8464
159.0664	159.0664	9038.1225
159.0678	159.0678	140788.5475
159.0790	159.0790	11030.9594
159.0803	159.0803	24166.5832
159.0871	159.0871	6517.0663
159.0916	159.0916	891711.8159
159.0997	159.0997	10740.4422
159.1041	159.1041	2821.6385
159.1239	159.1239	2495.2872
160.0214	160.0214	8293.6717
160.0392	160.0392	2126.2421
160.0504	160.0504	10664.6601
160.0630	160.0630	3028.9775
160.0711	160.0711	1700.7665
160.0756	160.0756	365219.356
160.0868	160.0868	189286.0285
160.0949	160.0949	70192.2884
160.0994	160.0994	3198.1157
160.1119	160.1119	114945.6769
161.0384	161.0384	56852.0375
161.0418	161.0418	2363.6972
161.0596	161.0596	12386.7008
161.0684	161.0684	7047.4337
161.0708	161.0708	128109.5966
161.0789	161.0789	16720.3681
161.0820	161.0820	46151.3628
161.0901	161.0901	5414.7538
161.0947	161.0947	1327.1392
161.1072	161.1072	105754.3334
161.1153	161.1153	1939.1197
162.0370	162.0370	21845.0993
162.0462	162.0462	14471.0667
162.0548	162.0548	194456.1912
162.0637	162.0637	1765.7605
162.0660	162.0660	86570.732
162.0742	162.0742	1429.2042
162.0912	162.0912	85940.8682
162.1024	162.1024	158536.0507
162.1105	162.1105	1152.9393
162.1276	162.1276	14321.8724
163.0210	163.0210	1469.5187
163.0323	163.0323	2764.6699
163.0477	163.0477	3409.193
163.0500	163.0500	18390.8539
163.0540	163.0540	601467.7255
163.0581	163.0581	2058.5037
163.0613	163.0613	3811.3132
163.0840	163.0840	21220.6148
163.0864	163.0864	126300.3008
163.0977	163.0977	16927.0113
163.1058	163.1058	3419.1866
163.1228	163.1228	75695.8708
164.0452	164.0452	4026.9806
164.0493	164.0493	112603.7319
164.0526	164.0526	1215.4305
164.0574	164.0574	58645.8093
164.0619	164.0619	64092.9107
164.0704	164.0704	20320.2899
164.0817	164.0817	152500.488
164.1069	164.1069	19838.2801
164.1181	164.1181	63714.6218
164.1432	164.1432	1237.3035
165.0446	165.0446	3226.1452
165.0527	165.0527	2305.3956
165.0572	165.0572	34466.4102
165.0634	165.0634	8735.5284
165.0658	165.0658	103728.5823
165.0698	165.0698	1489775.383
165.0770	165.0770	63520.2258
165.0851	165.0851	1903.6239
165.1021	165.1021	171830.1393
165.1134	165.1134	9805.6401
165.1385	165.1385	47930.3898
166.0524	166.0524	16185.4113
166.0609	166.0609	3948.1393
166.0650	166.0650	569076.0117
166.0731	166.0731	169178.6366
166.0776	166.0776	60260.823
166.0861	166.0861	34961.6776
166.0974	166.0974	143582.0303
166.1055	166.1055	3035.784
166.1225	166.1225	24327.792
166.1337	166.1337	8660.3606
167.0450	167.0450	13419.8506
167.0602	167.0602	144207.9015
167.0684	167.0684	51073.7
167.0728	167.0728	1312344.11
167.0764	167.0764	1805.3904
167.0814	167.0814	160602.3578
167.0854	167.0854	87039.9053
167.0926	167.0926	43270.8009
167.1178	167.1178	103665.3483
167.1290	167.1290	1261.0035
167.1541	167.1541	31067.2135
168.0556	168.0556	5322.0013
168.0568	168.0568	212866.3562
168.0636	168.0636	3818.1598
168.0681	168.0681	235042.2846
168.0742	168.0742	2122.8855
168.0762	168.0762	132734.1055
168.0806	168.0806	680832.3442
168.0847	168.0847	1971.5792
168.0887	168.0887	1981.8152
168.1018	168.1018	68965.2521
168.1130	168.1130	42166.8383
168.1211	168.1211	1195.3484
168.1382	168.1382	40813.7936
169.0284	169.0284	1183.4209
169.0521	169.0521	8399.938
169.0605	169.0605	15088.7367
169.0633	169.0633	1707.6569
169.0646	169.0646	473549.0841
169.0714	169.0714	9109.3216
169.0759	169.0759	502868.2085
169.0840	169.0840	65425.7799
169.0884	169.0884	71405.2705
169.0970	169.0970	119574.9461
169.1010	169.1010	3016.8329
169.1082	169.1082	1769.5209
169.1334	169.1334	26627.2216
170.0150	170.0150	1308.9745
170.0599	170.0599	855839.7114
170.0680	170.0680	45120.7988
170.0711	170.0711	103323.6022
170.0727	170.0727	1137.7523
170.0792	170.0792	34812.3235
170.0837	170.0837	57970.4129
170.0921	170.0921	1976.8132
170.0963	170.0963	328958.2653
170.1174	170.1174	2600.8115
170.1286	170.1286	1173.7485
171.0139	171.0139	2642.3165
171.0261	171.0261	43919.7477
171.0439	171.0439	4270.3002
171.0551	171.0551	50982.8112
171.0633	171.0633	75103.2334
171.0663	171.0663	7411.4709
171.0677	171.0677	7895.5627
171.0763	171.0763	3051.6938
171.0789	171.0789	8279.8398
171.0803	171.0803	12998.7556
171.0915	171.0915	237909.8998
171.0996	171.0996	24718.8248
171.1041	171.1041	7464.6516
171.1126	171.1126	14300.298
172.0214	172.0214	6565.9424
172.0343	172.0343	1240.0579
172.0504	172.0504	3920.6657
172.0629	172.0629	5702.1768
172.0743	172.0743	1709.1161
172.0755	172.0755	243007.6591
172.0868	172.0868	85897.8575
172.0949	172.0949	5763.2532
172.0993	172.0993	11695.3351
172.1079	172.1079	1109.725
172.1119	172.1119	97525.3281
173.0295	173.0295	69142.3624
173.0596	173.0596	8049.5875
173.0709	173.0709	94085.7006
173.0790	173.0790	12188.8178
173.0821	173.0821	13987.187
173.0834	173.0834	6215.2772
173.0946	173.0946	1584.6679
173.0960	173.0960	1499.7994
173.1072	173.1072	82725.8743
173.1153	173.1153	1750.6478
173.1284	173.1284	1839.1027
174.0137	174.0137	7038.1797
174.0371	174.0371	6642.7497
174.0463	174.0463	76833.8472
174.0549	174.0549	29763.5765
174.0661	174.0661	23659.5603
174.0743	174.0743	1416.2349
174.0786	174.0786	2490.3406
174.0912	174.0912	112148.5982
174.1025	174.1025	95303.9181
174.1105	174.1105	1314.9716
174.1276	174.1276	38457.149
174.1349	174.1349	15842.1573
175.0323	175.0323	1387.7538
175.0416	175.0416	7618.0292
175.0500	175.0500	3126.9986
175.0541	175.0541	1656.2296
175.0841	175.0841	2206.3875
175.0865	175.0865	112678.6899
175.0946	175.0946	2548.9017
175.0977	175.0977	16676.5989
175.1058	175.1058	1185.8493
175.1229	175.1229	32206.4455
176.0527	176.0527	2831.7828
176.0619	176.0619	460887.345
176.0636	176.0636	1265.9886
176.0657	176.0657	2275.0438
176.0705	176.0705	21516.3466
176.0817	176.0817	65283.6053
176.0899	176.0899	1761.9469
176.1069	176.1069	45301.7917
176.1181	176.1181	120990.0788
176.1433	176.1433	1774.384
177.0572	177.0572	100273.9084
177.0634	177.0634	12945.2296
177.0654	177.0654	61233.3746
177.0698	177.0698	168467.3884
177.0745	177.0745	3403.0508
177.0769	177.0769	9956.5083
177.0997	177.0997	8434.1232
177.1021	177.1021	84606.4758
177.1134	177.1134	14502.5964
177.1214	177.1214	2020.0326
177.1385	177.1385	15972.3713
178.0586	178.0586	18191.3522
178.0610	178.0610	14197.7099
178.0650	178.0650	218308.7952
178.0731	178.0731	8442.3961
178.0776	178.0776	674287.3377
178.0861	178.0861	9417.3335
178.0974	178.0974	48116.3586
178.1226	178.1226	7477.3882
178.1338	178.1338	48728.4184
179.0426	179.0426	4100.0081
179.0450	179.0450	3951.6251
179.0603	179.0603	157925.4161
179.0683	179.0683	10905.1081
179.0728	179.0728	60621.6181
179.0790	179.0790	11040.6845
179.0812	179.0812	127542.4809
179.0854	179.0854	115169.7361
179.0903	179.0903	1108.9869
179.0926	179.0926	15800.674
179.1153	179.1153	1275.3511
179.1178	179.1178	76529.6224
179.1290	179.1290	2356.4164
179.1542	179.1542	6428.5799
180.0555	180.0555	6695.9916
180.0637	180.0637	3576.2819
180.0681	180.0681	18014.82
180.0742	180.0742	9908.4912
180.0766	180.0766	16973.3168
180.0806	180.0806	595779.5091
180.0887	180.0887	3285.7408
180.1017	180.1017	8945.8668
180.1130	180.1130	48372.5598
180.1382	180.1382	1666.7776
180.1494	180.1494	5087.4475
181.0606	181.0606	33024.4692
181.0634	181.0634	5770.5923
181.0647	181.0647	83658.2179
181.0759	181.0759	285226.8133
181.0840	181.0840	61306.5008
181.0885	181.0885	122357.7586
181.0970	181.0970	88714.9469
181.1010	181.1010	3195.9832
181.1082	181.1082	26127.9154
181.1334	181.1334	60958.2831
181.1697	181.1697	1143.4731
182.0600	182.0600	73191.9389
182.0681	182.0681	2828.7389
182.0712	182.0712	27544.9728
182.0726	182.0726	1868.4248
182.0794	182.0794	15109.6952
182.0812	182.0812	1696.9931
182.0838	182.0838	160813.0848
182.0923	182.0923	30128.4506
182.0964	182.0964	184143.9314
182.1036	182.1036	1871.4222
182.1175	182.1175	2787.3377
182.1287	182.1287	19730.2048
182.1538	182.1538	2896.9725
183.0552	183.0552	5567.6388
183.0634	183.0634	2024.4258
183.0678	183.0678	110552.8757
183.0763	183.0763	16271.796
183.0791	183.0791	25879.7605
183.0804	183.0804	8797.7769
183.0875	183.0875	24534.194
183.0916	183.0916	256606.3697
183.0997	183.0997	8426.3816
183.1042	183.1042	10149.8291
183.1127	183.1127	68186.2779
183.1240	183.1240	45539.1024
183.1491	183.1491	64054.2774
184.0341	184.0341	28550.0216
184.0456	184.0456	1376.6133
184.0630	184.0630	10955.3826
184.0712	184.0712	4122.3574
184.0733	184.0733	22062.7813
184.0756	184.0756	195154.792
184.0869	184.0869	89197.9529
184.0950	184.0950	17713.9788
184.0967	184.0967	2498.5014
184.0994	184.0994	10313.9185
184.1079	184.1079	11231.3726
184.1120	184.1120	141377.2063
184.1192	184.1192	1637.6187
185.0297	185.0297	6466.9741
185.0385	185.0385	13323.3879
185.0418	185.0418	3210.6783
185.0470	185.0470	2264.9588
185.0597	185.0597	4134.7454
185.0709	185.0709	184672.8709
185.0790	185.0790	7339.3381
185.0821	185.0821	14074.8421
185.0835	185.0835	4980.8741
185.0920	185.0920	4323.1851
185.0947	185.0947	1294.538
185.1032	185.1032	48064.0631
185.1072	185.1072	124717.7028
185.1153	185.1153	3750.9007
185.1284	185.1284	5865.3516
185.1396	185.1396	6265.3966
185.1647	185.1647	10705.6554
186.0371	186.0371	21279.9016
186.0549	186.0549	15759.9865
186.0637	186.0637	11699.9085
186.0661	186.0661	10924.8146
186.0743	186.0743	4934.111
186.0787	186.0787	1158.5911
186.0913	186.0913	191580.1849
186.1025	186.1025	54245.3351
186.1106	186.1106	2073.1393
186.1236	186.1236	13497.0948
186.1276	186.1276	77662.7494
187.0453	187.0453	10887.4451
187.0502	187.0502	2328.5635
187.0541	187.0541	219383.1678
187.0590	187.0590	3073.3689
187.0613	187.0613	2010.9798
187.0817	187.0817	1694.4119
187.0841	187.0841	1783.6854
187.0865	187.0865	130321.4146
187.0946	187.0946	5855.5965
187.0977	187.0977	16441.8153
187.1078	187.1078	1149.6251
187.1229	187.1229	48543.6776
187.1441	187.1441	1567.3213
188.0494	188.0494	49688.8276
188.0527	188.0527	2723.5807
188.0575	188.0575	18544.9268
188.0593	188.0593	1548.4639
188.0619	188.0619	5527.5374
188.0705	188.0705	70713.0933
188.0792	188.0792	3319.5801
188.0817	188.0817	30196.4451
188.0899	188.0899	3952.1115
188.0944	188.0944	1490.066
188.1069	188.1069	50391.8307
188.1181	188.1181	22446.9988
188.1433	188.1433	4181.8896
189.0479	189.0479	1678.4476
189.0573	189.0573	4139.9743
189.0635	189.0635	1389.3886
189.0658	189.0658	12574.1357
189.0698	189.0698	758921.5935
189.0744	189.0744	1153.0385
189.0770	189.0770	4001.7589
189.0998	189.0998	3491.9941
189.1021	189.1021	58071.5587
189.1134	189.1134	18506.8667
189.1385	189.1385	7287.8892
190.0610	190.0610	12848.5773
190.0650	190.0650	254509.3756
190.0731	190.0731	96829.8783
190.0776	190.0776	99830.9855
190.0838	190.0838	2260.3757
190.0861	190.0861	46493.088
190.0974	190.0974	50566.7542
190.1225	190.1225	13508.2316
190.1338	190.1338	25391.0453
191.0402	191.0402	1327.9581
191.0426	191.0426	15715.0355
191.0449	191.0449	1549.2323
191.0603	191.0603	23561.4133
191.0684	191.0684	22454.9833
191.0728	191.0728	359110.0373
191.0765	191.0765	1548.9356
191.0790	191.0790	107980.1082
191.0813	191.0813	38331.5244
191.0854	191.0854	149292.7858
191.0926	191.0926	17044.5103
191.1153	191.1153	1809.432
191.1178	191.1178	49938.8771
191.1290	191.1290	39175.703
191.1542	191.1542	3809.6579
192.0378	192.0378	1641.1411
192.0568	192.0568	37979.7442
192.0636	192.0636	1325.9597
192.0681	192.0681	140705.7128
192.0742	192.0742	27739.3556
192.0764	192.0764	69755.4569
192.0806	192.0806	231626.6688
192.0888	192.0888	9456.9104
192.0933	192.0933	4388.0687
192.1018	192.1018	8297.751
192.1130	192.1130	101042.4999
192.1494	192.1494	9916.2104
193.0522	193.0522	5975.1847
193.0583	193.0583	1777.8731
193.0606	193.0606	6446.4547
193.0634	193.0634	1965.273
193.0647	193.0647	41774.7385
193.0717	193.0717	12522.3164
193.0760	193.0760	164536.8739
193.0841	193.0841	18964.6061
193.0886	193.0886	162806.3577
193.0947	193.0947	10616.5063
193.0971	193.0971	77377.1297
193.1011	193.1011	7144.9141
193.1083	193.1083	24898.063
193.1165	193.1165	2063.4461
193.1335	193.1335	45879.7441
193.1447	193.1447	3965.8838
194.0362	194.0362	4607.1029
194.0600	194.0600	47799.4938
194.0680	194.0680	1178.2789
194.0712	194.0712	37634.3483
194.0726	194.0726	7438.5803
194.0794	194.0794	5415.4144
194.0838	194.0838	41532.0638
194.0900	194.0900	21715.6927
194.0923	194.0923	102485.4094
194.0964	194.0964	180018.3439
194.1175	194.1175	4703.6952
194.1263	194.1263	1838.9508
194.1287	194.1287	72028.6648
195.0262	195.0262	2549.4236
195.0553	195.0553	5104.7611
195.0677	195.0677	1134.3529
195.0763	195.0763	42049.4963
195.0804	195.0804	13960.2996
195.0876	195.0876	20198.169
195.0916	195.0916	231091.2015
195.0956	195.0956	1334.7041
195.0997	195.0997	8621.6778
195.1042	195.1042	7682.7181
195.1127	195.1127	100254.1459
195.1240	195.1240	11366.1446
195.1492	195.1492	29783.7051
196.0518	196.0518	17627.878
196.0716	196.0716	2203.3957
196.0756	196.0756	120485.9931
196.0869	196.0869	60919.9875
196.0949	196.0949	13847.4619
196.0994	196.0994	18348.7419
196.1055	196.1055	1431.1969
196.1080	196.1080	55258.0958
196.1120	196.1120	52546.912
196.1168	196.1168	9187.8288
196.1331	196.1331	3008.667
196.1444	196.1444	18371.3349
197.0233	197.0233	1480.9133
197.0419	197.0419	5917.7549
197.0597	197.0597	2112.4317
197.0709	197.0709	61127.1999
197.0789	197.0789	1599.8026
197.0821	197.0821	4411.2728
197.0835	197.0835	5299.0681
197.0920	197.0920	39771.4414
197.0946	197.0946	2660.5459
197.1032	197.1032	14837.0741
197.1073	197.1073	84809.5997
197.1284	197.1284	47317.0475
197.1397	197.1397	1328.488
197.1648	197.1648	23137.4959
198.0371	198.0371	3180.5072
198.0464	198.0464	13253.287
198.0549	198.0549	30897.3115
198.0663	198.0663	2227.7746
198.0741	198.0741	1460.5514
198.0787	198.0787	7724.583
198.0872	198.0872	2118.9298
198.0913	198.0913	58360.3837
198.1025	198.1025	30066.3834
198.1106	198.1106	1910.044
198.1237	198.1237	7965.9949
198.1277	198.1277	16338.2526
199.0090	199.0090	1580.5438
199.0389	199.0389	2255.5283
199.0453	199.0453	28697.9674
199.0540	199.0540	1101.101
199.0865	199.0865	66166.954
199.0977	199.0977	5902.9302
199.1076	199.1076	31062.2833
199.1104	199.1104	1174.2208
199.1229	199.1229	37414.4989
199.1441	199.1441	1429.1283
199.1804	199.1804	4429.9848
200.0293	200.0293	1542.4507
200.0527	200.0527	1487.9844
200.0593	200.0593	1319.2678
200.0620	200.0620	213305.7379
200.0705	200.0705	23479.9356
200.0793	200.0793	1128.0673
200.0818	200.0818	11989.9561
200.0945	200.0945	1378.5745
200.1069	200.1069	112384.7026
200.1141	200.1141	11960.7921
200.1181	200.1181	15662.1787
200.1393	200.1393	15776.1113
200.1433	200.1433	2665.2422
200.1505	200.1505	5751.8376
201.0572	201.0572	40180.4124
201.0609	201.0609	4467.8389
201.0654	201.0654	26022.3761
201.0698	201.0698	10946.4619
201.0745	201.0745	2017.9243
201.1022	201.1022	48879.2654
201.1103	201.1103	3400.9488
201.1134	201.1134	8015.7966
201.1233	201.1233	3156.8869
201.1385	201.1385	40989.575
202.0608	202.0608	1948.2016
202.0650	202.0650	40069.6239
202.0776	202.0776	533380.9321
202.0862	202.0862	61048.2673
202.0974	202.0974	20913.5321
202.1226	202.1226	84238.6583
202.1338	202.1338	6284.6611
203.0603	203.0603	16597.2009
203.0729	203.0729	110981.2435
203.0790	203.0790	5124.0388
203.0811	203.0811	89745.3855
203.0854	203.0854	107541.0531
203.0902	203.0902	12889.2977
203.0927	203.0927	3329.557
203.1155	203.1155	4371.5162
203.1178	203.1178	22235.5344
203.1259	203.1259	2073.2668
203.1290	203.1290	6776.7531
203.1542	203.1542	2812.6734
204.0555	204.0555	1538.9189
204.0683	204.0683	1319.9823
204.0744	204.0744	6360.6285
204.0766	204.0766	9267.9627
204.0808	204.0808	383889.499
204.0844	204.0844	1441.8504
204.0890	204.0890	3027.3525
204.0934	204.0934	5536.291
204.1019	204.1019	5440.6404
204.1107	204.1107	1650.4524
204.1132	204.1132	17621.4732
204.1384	204.1384	9992.3713
204.1495	204.1495	2837.954
205.0584	205.0584	36413.8154
205.0648	205.0648	44742.694
205.0720	205.0720	2128.5481
205.0761	205.0761	155812.5365
205.0842	205.0842	46798.455
205.0886	205.0886	58119.8587
205.0948	205.0948	50774.5675
205.0971	205.0971	23209.109
205.1013	205.1013	7361.1126
205.1084	205.1084	28899.972
205.1336	205.1336	8781.3109
205.1448	205.1448	1816.2033
206.0424	206.0424	3262.2572
206.0536	206.0536	7002.9012
206.0601	206.0601	4325.213
206.0713	206.0713	11071.2665
206.0794	206.0794	7415.0247
206.0839	206.0839	85353.808
206.0901	206.0901	23718.4097
206.0924	206.0924	20604.4509
206.0965	206.0965	124597.5759
206.1176	206.1176	1220.1742
206.1288	206.1288	25050.0034
206.1653	206.1653	1403.5752
207.0375	207.0375	2337.7406
207.0679	207.0679	8061.6553
207.0741	207.0741	4975.3027
207.0765	207.0765	7914.3743
207.0791	207.0791	15545.9191
207.0806	207.0806	12233.5361
207.0876	207.0876	20170.7313
207.0917	207.0917	100344.1953
207.0998	207.0998	7329.9712
207.1043	207.1043	13316.1213
207.1105	207.1105	8968.8551
207.1129	207.1129	35681.1507
207.1241	207.1241	26305.6378
207.1492	207.1492	8431.9499
207.1603	207.1603	1160.0035
208.0342	208.0342	5558.0716
208.0632	208.0632	1555.314
208.0693	208.0693	5045.7012
208.0717	208.0717	1703.5936
208.0758	208.0758	25555.2563
208.0870	208.0870	37931.9144
208.0951	208.0951	2941.524
208.0995	208.0995	12649.2032
208.1057	208.1057	26608.5744
208.1081	208.1081	49751.0277
208.1121	208.1121	36354.0404
208.1445	208.1445	45132.6471
209.0533	209.0533	1293.211
209.0710	209.0710	19798.4042
209.0822	209.0822	1004.1859
209.0835	209.0835	4989.4504
209.0897	209.0897	2688.4271
209.0921	209.0921	26524.865
209.0948	209.0948	1398.3803
209.1033	209.1033	75438.7249
209.1074	209.1074	68166.1715
209.1285	209.1285	46855.3702
209.1397	209.1397	25457.1519
209.1478	209.1478	1620.1513
209.1649	209.1649	2437.8113
210.0372	210.0372	2037.663
210.0788	210.0788	1732.0965
210.0873	210.0873	9030.1142
210.0914	210.0914	33775.9901
210.1026	210.1026	40981.58
210.1107	210.1107	2309.6659
210.1214	210.1214	3429.3569
210.1238	210.1238	34716.8954
210.1277	210.1277	6121.4488
210.1601	210.1601	23175.7105
211.0391	211.0391	1257.1169
211.0543	211.0543	35768.8383
211.0866	211.0866	51840.7157
211.0979	211.0979	1271.9918
211.1077	211.1077	21489.2835
211.1190	211.1190	187506.0985
211.1230	211.1230	20808.5546
211.1441	211.1441	24839.5877
211.1554	211.1554	18344.8939
212.0496	212.0496	9558.7377
212.0528	212.0528	1780.5566
212.0577	212.0577	1151.5403
212.0706	212.0706	3289.1678
212.0819	212.0819	6511.1742
212.0901	212.0901	1574.8071
212.1030	212.1030	51680.8209
212.1070	212.1070	12998.6939
212.1142	212.1142	16346.9293
212.1183	212.1183	30723.8874
212.1224	212.1224	2572.8654
212.1394	212.1394	22908.8532
212.1433	212.1433	1825.8453
213.0247	213.0247	20643.718
213.0611	213.0611	14076.4343
213.0634	213.0634	1104.8982
213.0659	213.0659	3365.5283
213.0699	213.0699	152283.4946
213.0870	213.0870	1936.68
213.0999	213.0999	1932.2591
213.1023	213.1023	43192.1005
213.1135	213.1135	1256.7823
213.1233	213.1233	1786.6078
213.1347	213.1347	4173.6546
213.1387	213.1387	8783.3811
213.1598	213.1598	4219.8382
214.0562	214.0562	1233.8046
214.0587	214.0587	22528.7899
214.0652	214.0652	86201.4543
214.0733	214.0733	11423.9498
214.0777	214.0777	3949.3598
214.0863	214.0863	4966.1958
214.0949	214.0949	2512.6991
214.0975	214.0975	3248.6392
214.1227	214.1227	6024.1914
214.1339	214.1339	4075.6818
214.1550	214.1550	1865.4168
215.0604	215.0604	2998.9666
215.0686	215.0686	5105.1761
215.0730	215.0730	50348.2347
215.0767	215.0767	3200.1189
215.0789	215.0789	1155.2095
215.0817	215.0817	9148.5787
215.0857	215.0857	205287.9423
215.0930	215.0930	1299.8626
215.1180	215.1180	33284.3754
215.1392	215.1392	1734.0855
215.1545	215.1545	1930.2449
216.0657	216.0657	2857.2833
216.0684	216.0684	26802.2122
216.0721	216.0721	1338.5142
216.0745	216.0745	2111.2423
216.0766	216.0766	4240.074
216.0809	216.0809	154110.0778
216.0891	216.0891	17394.7879
216.0936	216.0936	3472.2452
216.1021	216.1021	9524.7343
216.1111	216.1111	1302.9529
216.1132	216.1132	10252.3499
216.1246	216.1246	3043.8567
216.1383	216.1383	4264.7985
216.1497	216.1497	2976.2978
217.0562	217.0562	1589.5101
217.0650	217.0650	2825.5026
217.0719	217.0719	1173.1915
217.0762	217.0762	33352.1924
217.0843	217.0843	10146.5385
217.0888	217.0888	201383.4361
217.0949	217.0949	13369.5443
217.0973	217.0973	8809.0887
217.1013	217.1013	2721.7096
217.1086	217.1086	53790.2198
217.1337	217.1337	61905.5545
218.0714	218.0714	1422.8666
218.0728	218.0728	5716.9984
218.0814	218.0814	1141.0328
218.0840	218.0840	52895.1404
218.0902	218.0902	32421.124
218.0923	218.0923	30129.8753
218.0966	218.0966	114669.8734
218.1177	218.1177	30328.9622
218.1264	218.1264	1432.0257
218.1289	218.1289	7689.0229
219.0742	219.0742	10599.6444
219.0806	219.0806	50219.2071
219.0876	219.0876	5514.946
219.0918	219.0918	97064.5987
219.1000	219.1000	5610.2216
219.1044	219.1044	9256.8567
219.1105	219.1105	40153.4592
219.1130	219.1130	8058.4528
219.1242	219.1242	25710.2555
219.1493	219.1493	6008.4735
220.0694	220.0694	23524.5765
220.0759	220.0759	63858.0651
220.0840	220.0840	2036.9425
220.0871	220.0871	35233.6238
220.0952	220.0952	2187.5052
220.0996	220.0996	10907.1745
220.1058	220.1058	38354.3653
220.1082	220.1082	20734.2313
220.1122	220.1122	41835.8145
220.1446	220.1446	11117.2875
221.0421	221.0421	4918.0176
221.0535	221.0535	3442.5086
221.0711	221.0711	13166.8743
221.0792	221.0792	1173.0798
221.0899	221.0899	5009.6419
221.0922	221.0922	8698.5378
221.1034	221.1034	20675.4088
221.1075	221.1075	47090.1888
221.1156	221.1156	1291.2913
221.1262	221.1262	2960.519
221.1286	221.1286	11206.1416
221.1398	221.1398	17999.8002
221.1649	221.1649	1226.4698
222.0373	222.0373	1476.5936
222.0466	222.0466	3403.9934
222.0790	222.0790	1719.7257
222.0851	222.0851	35793.4519
222.0875	222.0875	6555.8719
222.0915	222.0915	19596.3333
222.1027	222.1027	22269.4056
222.1151	222.1151	1133.4451
222.1215	222.1215	32190.5121
222.1238	222.1238	54516.4203
222.1279	222.1279	4042.7177
222.1326	222.1326	3018.5434
222.1602	222.1602	6153.9765
223.0452	223.0452	1966.8108
223.0691	223.0691	4808.3615
223.0867	223.0867	20423.7048
223.0980	223.0980	1841.4836
223.1054	223.1054	3239.7049
223.1078	223.1078	11683.0569
223.1191	223.1191	12422.7726
223.1231	223.1231	16111.2129
223.1442	223.1442	9257.8515
223.1555	223.1555	10642.4484
224.0530	224.0530	1632.2299
224.0622	224.0622	67254.5175
224.0684	224.0684	4123.8492
224.0820	224.0820	1200.7576
224.1007	224.1007	1190.7239
224.1031	224.1031	17435.5826
224.1071	224.1071	7975.5315
224.1144	224.1144	1217.8257
224.1183	224.1183	8720.8517
224.1371	224.1371	1619.8015
224.1395	224.1395	23749.0375
224.1758	224.1758	1219.9413
225.0574	225.0574	7796.1871
225.0656	225.0656	5686.4954
225.0870	225.0870	1741.4375
225.0984	225.0984	3379.4333
225.1024	225.1024	17870.1442
225.1235	225.1235	6749.0968
225.1325	225.1325	1315.3468
225.1347	225.1347	31658.8142
225.1388	225.1388	7317.5649
225.1600	225.1600	1976.4724
225.1711	225.1711	62599.6262
226.0778	226.0778	186439.9485
226.0823	226.0823	2175.8058
226.0976	226.0976	5725.1904
226.1187	226.1187	44754.1674
226.1227	226.1227	4942.0402
226.1300	226.1300	32487.6718
226.1340	226.1340	3534.5384
226.1551	226.1551	36614.9977
226.1664	226.1664	2248.6648
226.1744	226.1744	1474.4318
227.0404	227.0404	8915.7437
227.0731	227.0731	69297.9481
227.0768	227.0768	3067.9156
227.0813	227.0813	24830.1475
227.0856	227.0856	42653.5339
227.0905	227.0905	14785.5178
227.1028	227.1028	22297.3254
227.1139	227.1139	7025.551
227.1180	227.1180	15289.12
227.1544	227.1544	1969.0158
227.1755	227.1755	2050.8267
227.1867	227.1867	3645.9334
228.0718	228.0718	1156.9372
228.0765	228.0765	3843.9334
228.0809	228.0809	127941.635
228.0891	228.0891	1317.814
228.0935	228.0935	53671.0341
228.1019	228.1019	2342.8414
228.1133	228.1133	6658.991
228.1232	228.1232	4188.2785
228.1344	228.1344	2700.5682
228.1457	228.1457	35544.0836
228.1708	228.1708	1388.5191
228.1821	228.1821	1666.798
229.0650	229.0650	1240.842
229.0762	229.0762	71240.29
229.0843	229.0843	7391.3912
229.0888	229.0888	22957.8989
229.0948	229.0948	1913.9266
229.0972	229.0972	18227.9583
229.1014	229.1014	6527.4979
229.1061	229.1061	15974.3055
229.1185	229.1185	1200.6686
229.1296	229.1296	2375.5953
229.1337	229.1337	23593.2711
230.0514	230.0514	4116.4925
230.0601	230.0601	1241.5374
230.0714	230.0714	3099.654
230.0795	230.0795	1578.0535
230.0840	230.0840	12004.287
230.0878	230.0878	2413.6317
230.0901	230.0901	2614.602
230.0925	230.0925	1254.813
230.0966	230.0966	118055.8048
230.1178	230.1178	1870.6095
230.1265	230.1265	1802.8367
230.1289	230.1289	5687.0934
231.0742	231.0742	2259.7779
231.0854	231.0854	8765.4236
231.0918	231.0918	54930.3553
231.0999	231.0999	7086.6508
231.1045	231.1045	15139.784
231.1106	231.1106	4563.8221
231.1130	231.1130	10083.4267
231.1218	231.1218	4377.5846
231.1242	231.1242	31793.5917
231.1493	231.1493	32421.4016
232.0695	232.0695	8183.4365
232.0758	232.0758	2959.0912
232.0871	232.0871	5026.15
232.0951	232.0951	1603.8486
232.0997	232.0997	20212.3634
232.1058	232.1058	30785.0645
232.1080	232.1080	5494.1126
232.1122	232.1122	31646.1772
232.1194	232.1194	11626.9575
232.1446	232.1446	4549.8467
233.0837	233.0837	7963.8962
233.0899	233.0899	6627.4933
233.0923	233.0923	1837.5032
233.0949	233.0949	2616.9456
233.1010	233.1010	15989.85
233.1033	233.1033	13101.2085
233.1075	233.1075	36115.8231
233.1262	233.1262	49818.6066
233.1286	233.1286	26846.7628
233.1374	233.1374	1118.783
233.1398	233.1398	9726.7546
233.1649	233.1649	2842.098
234.0501	234.0501	1320.6423
234.0788	234.0788	1661.0859
234.0851	234.0851	74547.9915
234.0874	234.0874	2337.6911
234.0915	234.0915	13129.5639
234.1027	234.1027	13302.6127
234.1108	234.1108	1102.0376
234.1214	234.1214	49718.6596
234.1238	234.1238	15383.203
234.1279	234.1279	4856.3139
234.1351	234.1351	34948.8054
234.1602	234.1602	3788.1688
235.0543	235.0543	4395.7193
235.0691	235.0691	15137.7796
235.0803	235.0803	1550.1352
235.0868	235.0868	9324.4836
235.0979	235.0979	1342.3606
235.1055	235.1055	4574.466
235.1078	235.1078	2985.6182
235.1191	235.1191	90485.2596
235.1231	235.1231	10459.953
235.1442	235.1442	3804.4526
235.1555	235.1555	6289.7136
236.0530	236.0530	1765.7398
236.0643	236.0643	1810.1348
236.0819	236.0819	2001.1775
236.1007	236.1007	27214.6822
236.1030	236.1030	9124.7871
236.1071	236.1071	9284.8425
236.1183	236.1183	2925.4369
236.1223	236.1223	1258.1871
236.1371	236.1371	44822.6838
236.1395	236.1395	32299.9362
236.1507	236.1507	14239.3647
237.0482	237.0482	1838.513
237.0700	237.0700	56174.4483
237.0848	237.0848	3666.2714
237.0960	237.0960	11089.5682
237.0983	237.0983	7384.0575
237.1023	237.1023	6137.3699
237.1213	237.1213	1113.6036
237.1235	237.1235	7936.438
237.1347	237.1347	99700.1197
237.1387	237.1387	3138.9487
237.1599	237.1599	3354.9965
237.1711	237.1711	1696.6371
238.0652	238.0652	20134.4798
238.0733	238.0733	1985.2847
238.0800	238.0800	2270.6439
238.0823	238.0823	2019.982
238.0976	238.0976	4261.7505
238.1164	238.1164	1010.5539
238.1187	238.1187	16595.0668
238.1227	238.1227	3649.2528
238.1301	238.1301	1953.0142
238.1339	238.1339	1260.2127
238.1381	238.1381	1203.04
238.1551	238.1551	25918.9268
238.1663	238.1663	1921.2632
239.0731	239.0731	3136.2829
239.0814	239.0814	1934.7751
239.0856	239.0856	133034.2693
239.0904	239.0904	1187.5145
239.1140	239.1140	6619.4283
239.1180	239.1180	4465.9173
239.1391	239.1391	2113.2089
239.1480	239.1480	2964.6065
239.1504	239.1504	67359.2887
239.1544	239.1544	1397.5324
240.0633	240.0633	1405.8025
240.0682	240.0682	1150.2828
240.0809	240.0809	81002.5518
240.0891	240.0891	13179.848
240.0935	240.0935	3666.084
240.0979	240.0979	4446.5622
240.1132	240.1132	5847.3153
240.1344	240.1344	29419.1145
240.1384	240.1384	1117.5811
240.1457	240.1457	5961.8203
240.1708	240.1708	2824.3818
240.1820	240.1820	2306.1791
241.0560	241.0560	2211.2776
241.0761	241.0761	5952.5515
241.0843	241.0843	4854.9553
241.0887	241.0887	96879.2115
241.0924	241.0924	2386.1867
241.0947	241.0947	2374.6448
241.0972	241.0972	9758.9948
241.1013	241.1013	5845.8004
241.1062	241.1062	4164.0953
241.1298	241.1298	4730.0689
241.1336	241.1336	8702.6859
241.1661	241.1661	1537.4792
242.0514	242.0514	1288.2232
242.0840	242.0840	37230.2454
242.0900	242.0900	1189.6536
242.0922	242.0922	6750.2346
242.0965	242.0965	57095.3323
242.1047	242.1047	1167.6629
242.1289	242.1289	6961.4357
242.1501	242.1501	1593.3515
242.1613	242.1613	1876.4707
242.1975	242.1975	1519.9831
243.0806	243.0806	5217.2197
243.0854	243.0854	7098.9272
243.0876	243.0876	1426.8434
243.0918	243.0918	46851.7243
243.1000	243.1000	1981.2731
243.1044	243.1044	16253.0122
243.1106	243.1106	2302.4871
243.1130	243.1130	10191.2678
243.1241	243.1241	1589.1427
243.1454	243.1454	1278.3364
243.1493	243.1493	4721.1082
244.0758	244.0758	10217.392
244.0871	244.0871	4646.4372
244.0996	244.0996	5347.8326
244.1058	244.1058	11503.1401
244.1081	244.1081	1826.5462
244.1123	244.1123	26203.5523
244.1294	244.1294	1617.1386
244.1405	244.1405	1533.4519
244.1446	244.1446	5922.1519
244.2134	244.2134	1279.2516
245.0709	245.0709	1608.3418
245.0875	245.0875	1143.7919
245.0898	245.0898	3136.7517
245.1011	245.1011	8645.0207
245.1033	245.1033	1163.6962
245.1075	245.1075	27167.9839
245.1261	245.1261	1154.5948
245.1285	245.1285	5870.7032
245.1373	245.1373	2911.9048
245.1398	245.1398	2202.0783
245.1648	245.1648	1154.8124
245.1723	245.1723	1878.1547
246.0851	246.0851	25345.9782
246.0915	246.0915	9753.3221
246.1027	246.1027	7492.5344
246.1214	246.1214	32390.9574
246.1238	246.1238	4158.952
246.1279	246.1279	4582.3984
246.1602	246.1602	1358.3724
247.0690	247.0690	1872.3679
247.0803	247.0803	1234.7943
247.0867	247.0867	3838.2522
247.1055	247.1055	10322.4438
247.1078	247.1078	4366.694
247.1167	247.1167	3915.0902
247.1191	247.1191	6564.2269
247.1231	247.1231	5669.2634
247.1418	247.1418	7134.0202
247.1442	247.1442	8642.1332
247.1554	247.1554	2236.6653
248.0622	248.0622	13108.2566
248.0643	248.0643	6193.4508
248.1007	248.1007	99231.9542
248.1071	248.1071	2753.0094
248.1119	248.1119	12695.3784
248.1184	248.1184	2761.3176
248.1371	248.1371	54528.3311
248.1394	248.1394	8812.9315
248.1507	248.1507	2117.2281
249.0483	249.0483	2552.8739
249.0847	249.0847	26733.8384
249.0959	249.0959	15648.2256
249.0983	249.0983	5414.2175
249.1211	249.1211	7429.0059
249.1235	249.1235	3173.4524
249.1325	249.1325	1473.0634
249.1348	249.1348	16138.6184
249.1459	249.1459	12534.3181
249.1600	249.1600	2075.7951
250.0778	250.0778	50109.1952
250.0799	250.0799	10174.129
250.1163	250.1163	34780.3879
250.1188	250.1188	7297.9492
250.1275	250.1275	3491.2747
250.1299	250.1299	3675.1918
250.1527	250.1527	40896.7577
250.1551	250.1551	5290.9194
251.0639	251.0639	1831.3401
251.0731	251.0731	22006.3234
251.0813	251.0813	4744.5012
251.0856	251.0856	2935.965
251.1005	251.1005	2542.6916
251.1028	251.1028	1208.5212
251.1116	251.1116	21942.218
251.1140	251.1140	25881.5723
251.1181	251.1181	3244.4553
251.1391	251.1391	2194.5974
251.1480	251.1480	1515.546
251.1504	251.1504	29090.7548
251.1616	251.1616	6818.3842
252.0765	252.0765	1439.6232
252.0809	252.0809	22083.3834
252.0935	252.0935	67452.2459
252.0979	252.0979	4843.2717
252.1320	252.1320	1531.1266
252.1343	252.1343	12515.1863
252.1456	252.1456	30108.9153
252.1683	252.1683	1644.8114
252.1707	252.1707	6114.8529
253.0563	253.0563	1741.6929
253.0761	253.0761	6343.2159
253.0887	253.0887	12910.6785
253.0948	253.0948	4509.4561
253.0969	253.0969	4463.9251
253.1013	253.1013	7109.4369
253.1062	253.1062	2115.473
253.1296	253.1296	3635.9615
253.1337	253.1337	2489.316
253.1660	253.1660	94787.7225
254.0965	254.0965	70809.9873
254.1248	254.1248	30372.49
254.1501	254.1501	17186.7278
254.1613	254.1613	102525.9232
254.1693	254.1693	2557.126
255.0716	255.0716	3155.9839
255.0852	255.0852	2057.2707
255.0918	255.0918	29877.7255
255.0999	255.0999	3650.7615
255.1044	255.1044	5782.2002
255.1088	255.1088	8790.4003
255.1126	255.1126	1422.4121
255.1816	255.1816	3334.7302
256.0670	256.0670	4495.0121
256.0870	256.0870	2378.4281
256.0996	256.0996	8641.5886
256.1057	256.1057	4889.6317
256.1081	256.1081	5331.4253
256.1121	256.1121	13491.2515
256.1405	256.1405	2283.4508
256.1445	256.1445	2140.8238
256.1769	256.1769	10813.5056
257.0898	257.0898	1767.6498
257.0947	257.0947	2510.1491
257.1010	257.1010	52316.7065
257.1074	257.1074	14715.5119
257.1200	257.1200	1711.5427
257.1286	257.1286	3772.8508
257.1397	257.1397	2089.868
257.1649	257.1649	1295.9149
257.1721	257.1721	1616.9894
258.0827	258.0827	1227.0351
258.0915	258.0915	2678.0631
258.0963	258.0963	2409.1421
258.1027	258.1027	4051.3395
258.1215	258.1215	23108.2406
258.1238	258.1238	13793.7661
258.1280	258.1280	1411.3412
258.1603	258.1603	2021.733
259.0544	259.0544	1315.3691
259.0867	259.0867	1317.5758
259.1031	259.1031	1117.371
259.1055	259.1055	1572.832
259.1079	259.1079	3429.8114
259.1167	259.1167	12563.1079
259.1230	259.1230	2353.6166
259.1304	259.1304	1884.6797
259.1419	259.1419	12391.2644
259.1443	259.1443	3041.8934
259.1555	259.1555	28728.0305
260.1007	260.1007	48651.8441
260.1071	260.1071	3200.2063
260.1118	260.1118	3906.7138
260.1184	260.1184	1948.0914
260.1371	260.1371	15173.9352
260.1395	260.1395	9254.1094
260.1482	260.1482	1347.1901
260.1508	260.1508	1207.1512
260.1757	260.1757	1377.9609
261.0701	261.0701	6960.6576
261.0960	261.0960	5553.6559
261.1215	261.1215	1714.0217
261.1236	261.1236	4504.6146
261.1324	261.1324	4724.4052
261.1346	261.1346	2621.6033
261.1576	261.1576	11864.6011
261.1711	261.1711	7353.6493
262.0652	262.0652	2585.402
262.0801	262.0801	4946.6423
262.1164	262.1164	124096.8261
262.1188	262.1188	2041.9761
262.1300	262.1300	6342.8159
262.1528	262.1528	17889.4802
262.1552	262.1552	5179.5157
263.0641	263.0641	5262.7147
263.0751	263.0751	2008.9783
263.0857	263.0857	39397.9869
263.1004	263.1004	5237.0847
263.1116	263.1116	33955.3448
263.1139	263.1139	3059.764
263.1198	263.1198	2786.6388
263.1481	263.1481	2893.1107
263.1504	263.1504	11118.3275
264.0594	264.0594	1423.6399
264.0809	264.0809	21038.3381
264.0890	264.0890	3107.6711
264.0956	264.0956	8241.1399
264.1320	264.1320	38728.3313
264.1345	264.1345	3872.1035
264.1457	264.1457	4148.367
264.1684	264.1684	5480.2458
264.1708	264.1708	4146.4535
265.0888	265.0888	15135.7803
265.0909	265.0909	6540.1011
265.1013	265.1013	11156.4067
265.1160	265.1160	1797.9839
265.1184	265.1184	1870.6536
265.1273	265.1273	31509.4292
265.1296	265.1296	7086.8432
265.1636	265.1636	10158.7093
265.1660	265.1660	5835.5387
266.0749	266.0749	3235.3039
266.0840	266.0840	7771.4593
266.0965	266.0965	15154.1874
266.1113	266.1113	8557.107
266.1136	266.1136	2611.656
266.1248	266.1248	1510.4411
266.1478	266.1478	4008.2914
266.1500	266.1500	6118.4617
266.1613	266.1613	22077.1118
266.1726	266.1726	2262.7945
266.1865	266.1865	2243.3457
267.0918	267.0918	4238.9843
267.1044	267.1044	9988.2551
267.1107	267.1107	7772.3839
267.1429	267.1429	1840.8159
267.1495	267.1495	1632.3818
267.1540	267.1540	1066.4402
267.1817	267.1817	1620.5229
268.0870	268.0870	2053.1237
268.0995	268.0995	2036.3496
268.1057	268.1057	1277.5339
268.1082	268.1082	1636.3687
268.1123	268.1123	5975.9045
268.1406	268.1406	25824.4532
268.1657	268.1657	4658.3317
268.1769	268.1769	14256.6126
268.1882	268.1882	1142.2542
269.1074	269.1074	11270.19
269.1245	269.1245	9188.6599
270.0828	270.0828	1704.3222
270.0915	270.0915	1750.9471
270.1214	270.1214	2591.8938
270.1278	270.1278	1815.1204
270.1561	270.1561	2481.0689
270.1926	270.1926	20164.2812
271.1167	271.1167	15173.6189
271.1231	271.1231	2312.8151
271.1443	271.1443	1194.3868
271.1515	271.1515	7513.1524
271.1878	271.1878	11669.5169
272.0983	272.0983	3169.351
272.1008	272.1008	3502.9149
272.1370	272.1370	3468.7893
272.1396	272.1396	1154.0056
273.0958	273.0958	1946.8479
273.1323	273.1323	4961.0955
274.0778	274.0778	7219.0531
274.0800	274.0800	4292.653
274.1163	274.1163	36180.8358
274.1276	274.1276	19876.1136
274.1528	274.1528	4595.8143
274.1551	274.1551	2755.878
275.0730	275.0730	1786.4864
275.1005	275.1005	4114.3762
275.1116	275.1116	12114.6928
275.1480	275.1480	6429.7178
275.1504	275.1504	39906.1721
275.1732	275.1732	8374.9974
276.0936	276.0936	20263.1386
276.0958	276.0958	4199.8695
276.1321	276.1321	107405.9031
276.1433	276.1433	15773.3917
276.1684	276.1684	11784.0404
276.1709	276.1709	3964.8506
276.1820	276.1820	2302.9825
277.0797	277.0797	3551.4304
277.0888	277.0888	7412.3143
277.0910	277.0910	3392.8448
277.1161	277.1161	10809.41
277.1273	277.1273	42881.6765
277.1355	277.1355	2880.4725
277.1409	277.1409	32817.997
277.1636	277.1636	3045.7102
277.1661	277.1661	10326.042
278.0751	278.0751	1334.1027
278.0966	278.0966	17408.88
278.1113	278.1113	12067.77
278.1248	278.1248	2584.4078
278.1477	278.1477	24956.7041
278.1501	278.1501	5072.3992
278.1590	278.1590	1624.9865
278.1614	278.1614	1850.3324
278.1841	278.1841	6933.8932
278.1864	278.1864	1349.3807
279.0918	279.0918	4868.9956
279.0954	279.0954	1805.0774
279.1066	279.1066	5259.5487
279.1316	279.1316	1248.2956
279.1430	279.1430	22753.528
279.1453	279.1453	2956.2131
279.1565	279.1565	19814.8568
279.1818	279.1818	5609.8504
280.0906	280.0906	4102.5062
280.1000	280.1000	1582.5541
280.1122	280.1122	4686.0491
280.1270	280.1270	4544.951
280.1293	280.1293	1963.6893
280.1407	280.1407	4823.8454
280.1658	280.1658	7582.8528
280.1770	280.1770	4096.5908
281.1075	281.1075	4160.111
281.1262	281.1262	4102.8975
281.1586	281.1586	15138.3779
281.1610	281.1610	2556.6126
281.9110	281.9110	2619.9602
282.1214	282.1214	1581.7699
282.1426	282.1426	2295.4579
282.1451	282.1451	1155.1393
282.1562	282.1562	4424.4538
282.1926	282.1926	7275.3011
283.1055	283.1055	5285.8011
283.1167	283.1167	43313.4919
283.1514	283.1514	2681.1057
283.1766	283.1766	1112.361
283.2634	283.2634	1373.7817
284.0619	284.0619	1957.4064
284.0985	284.0985	2570.1657
284.1007	284.1007	2252.023
284.1372	284.1372	6887.3291
284.1605	284.1605	1848.3505
285.1324	285.1324	12529.6971
285.1348	285.1348	3418.6752
285.1672	285.1672	5033.73
285.2035	285.2035	1134.3129
286.1164	286.1164	4625.9835
286.1188	286.1188	2145.7265
286.1276	286.1276	2536.5505
286.1528	286.1528	4195.4321
286.1551	286.1551	1222.3516
287.0858	287.0858	3952.6837
287.1093	287.1093	1505.1084
287.1117	287.1117	4346.0758
287.1481	287.1481	4102.8593
287.1504	287.1504	1686.0451
287.2192	287.2192	1598.2876
288.0809	288.0809	3035.3008
288.0956	288.0956	6929.1825
288.1067	288.1067	1098.2561
288.1320	288.1320	67451.6884
288.1432	288.1432	6917.6943
288.1545	288.1545	1226.6377
288.1684	288.1684	3469.328
289.0885	289.0885	2252.6576
289.0908	289.0908	1995.1206
289.1013	289.1013	5830.18
289.1273	289.1273	11218.5996
289.1635	289.1635	1967.277
289.1661	289.1661	2899.7763
290.0965	290.0965	4322.6789
290.1112	290.1112	7976.2605
290.1477	290.1477	104193.3355
290.1590	290.1590	1176.5737
290.1613	290.1613	2050.6248
290.1840	290.1840	3425.3047
291.0915	291.0915	1198.6325
291.1042	291.1042	3737.2953
291.1065	291.1065	40922.5491
291.1317	291.1317	5880.0782
291.1429	291.1429	51749.5974
291.1454	291.1454	3608.0926
291.1510	291.1510	1368.6383
291.1793	291.1793	3286.5534
291.1817	291.1817	1337.5612
292.0906	292.0906	21442.5185
292.0997	292.0997	1274.8163
292.1269	292.1269	22045.5714
292.1406	292.1406	1183.5932
292.1633	292.1633	6683.2363
292.1658	292.1658	1730.4503
292.1769	292.1769	6836.6441
293.1076	293.1076	2169.083
293.1136	293.1136	1562.8036
293.1222	293.1222	9764.9125
293.1585	293.1585	37140.0474
293.1696	293.1696	6749.1656
293.1949	293.1949	1139.6443
294.1061	294.1061	7021.7245
294.1278	294.1278	1168.5588
294.1425	294.1425	11543.3078
294.1563	294.1563	2227.4794
294.1674	294.1674	5137.1308
294.1792	294.1792	2251.1679
294.1816	294.1816	2037.9787
294.1926	294.1926	1293.9018
295.1382	295.1382	1333.2283
295.1419	295.1419	2340.9329
295.1743	295.1743	1447.6397
295.1765	295.1765	1139.7723
296.1720	296.1720	5802.718
296.1831	296.1831	4769.1026
296.1972	296.1972	2193.6344
296.2082	296.2082	4445.0717
297.1559	297.1559	1915.6309
297.1671	297.1671	2759.128
297.1924	297.1924	1683.0615
297.2035	297.2035	3982.9933
298.1164	298.1164	4302.0566
298.1400	298.1400	1144.8366
298.1527	298.1527	2562.1642
298.2240	298.2240	1675.0614
298.3471	298.3471	4019.0696
299.1117	299.1117	3953.3168
299.1481	299.1481	5209.6349
299.1828	299.1828	2052.862
300.0936	300.0936	6024.0144
300.1322	300.1322	5985.8347
300.1433	300.1433	24147.9323
301.0642	301.0642	91321.7359
301.0885	301.0885	2775.7599
301.1273	301.1273	14876.108
302.0964	302.0964	2552.7633
302.1090	302.1090	1176.0188
302.1114	302.1114	2751.3642
302.1226	302.1226	3663.0306
302.1477	302.1477	42754.3714
302.1590	302.1590	25207.8549
302.1842	302.1842	1705.5
303.1065	303.1065	15223.3739
303.1429	303.1429	21725.66
303.1455	303.1455	4670.0956
303.1793	303.1793	2340.3713
303.1817	303.1817	1427.0389
304.0907	304.0907	2070.1586
304.1121	304.1121	3444.1327
304.1270	304.1270	7520.365
304.1633	304.1633	94585.5915
304.1770	304.1770	5417.634
305.1110	305.1110	2489.5834
305.1222	305.1222	54330.8343
305.1586	305.1586	49264.7455
305.1950	305.1950	1566.7534
306.1062	306.1062	21163.586
306.1173	306.1173	1758.8954
306.1426	306.1426	18088.0865
306.1562	306.1562	3712.6299
306.1790	306.1790	8793.5885
306.1926	306.1926	1213.9473
307.1014	307.1014	2768.981
307.1379	307.1379	23698.1065
307.1742	307.1742	32715.3278
307.1767	307.1767	5170.0321
307.1876	307.1876	1356.7035
307.2131	307.2131	1347.6621
308.1218	308.1218	2896.0951
308.1332	308.1332	4072.557
308.1583	308.1583	4648.1452
308.1718	308.1718	14225.4962
309.1172	309.1172	2234.6306
309.1535	309.1535	2226.9596
309.1922	309.1922	2305.7737
309.2010	309.2010	1560.2437
309.3266	309.3266	3888.1408
310.1164	310.1164	9287.2385
310.1527	310.1527	1925.1865
310.1875	310.1875	12609.5289
311.1115	311.1115	3654.2686
311.1827	311.1827	2730.6272
312.1320	312.1320	10813.9372
312.1431	312.1431	1571.5289
312.1683	312.1683	2167.5225
312.2032	312.2032	1254.1005
313.1015	313.1015	1219.3812
313.1272	313.1272	2545.3216
313.1636	313.1636	23768.435
313.1985	313.1985	2582.2819
313.2349	313.2349	1196.6259
314.1115	314.1115	1879.0167
314.1225	314.1225	21105.2224
314.1476	314.1476	5010.0231
314.1590	314.1590	20156.2168
315.1041	315.1041	1583.0725
315.1065	315.1065	4715.5498
315.1428	315.1428	10223.7639
315.1794	315.1794	1382.8179
316.1270	316.1270	2015.1469
316.1381	316.1381	4041.4778
316.1634	316.1634	23032.7679
316.1747	316.1747	2012.2387
316.1997	316.1997	1304.613
317.1222	317.1222	16205.2334
317.1586	317.1586	30675.4052
318.1062	318.1062	3255.4766
318.1175	318.1175	3921.2979
318.1427	318.1427	4283.3534
318.1537	318.1537	4144.6692
318.1791	318.1791	22379.1411
318.1901	318.1901	1275.5565
318.2155	318.2155	1643.8129
319.1016	319.1016	3081.5141
319.1379	319.1379	63799.6011
319.1743	319.1743	77864.9176
319.1855	319.1855	2118.4638
320.0856	320.0856	1240.9922
320.1219	320.1219	16166.0356
320.1331	320.1331	8519.8981
320.1583	320.1583	19161.2572
320.1720	320.1720	6359.1367
320.1777	320.1777	1517.4865
320.1947	320.1947	4351.8247
321.1536	321.1536	27570.8083
321.1899	321.1899	38271.5503
321.2283	321.2283	1129.1697
322.1200	322.1200	1519.7284
322.1375	322.1375	6589.7422
322.1489	322.1489	5304.7884
322.1741	322.1741	1183.5633
322.1850	322.1850	2930.3725
322.1877	322.1877	6360.9208
322.2239	322.2239	3546.8146
323.1691	323.1691	8148.0885
323.1829	323.1829	2387.5034
323.2056	323.2056	1151.3466
323.2081	323.2081	1483.6238
324.0933	324.0933	1605.7811
324.1319	324.1319	12448.2399
324.1534	324.1534	1662.0814
324.2033	324.2033	5826.773
325.0889	325.0889	1607.0433
325.1160	325.1160	3801.0663
325.1524	325.1524	2327.2712
325.1872	325.1872	9472.4818
325.1984	325.1984	11006.2914
326.1088	326.1088	2063.296
326.1115	326.1115	3522.519
326.1225	326.1225	1581.1294
326.1475	326.1475	4244.7241
326.2188	326.2188	1106.0675
326.3783	326.3783	6521.4378
327.1319	327.1319	1402.5968
327.1429	327.1429	2409.2803
327.1793	327.1793	1188.8488
327.2140	327.2140	6451.2314
328.1269	328.1269	6226.1129
328.1382	328.1382	13885.198
328.1743	328.1743	1870.9921
329.1224	329.1224	1391.5804
329.1586	329.1586	12667.5382
329.1949	329.1949	1800.4751
330.1428	330.1428	3273.1877
330.1538	330.1538	13664.1698
330.1790	330.1790	11640.2367
331.1019	331.1019	1401.8242
331.1379	331.1379	30438.6784
331.1742	331.1742	21426.274
332.1332	332.1332	2390.9662
332.1583	332.1583	2963.0566
332.1693	332.1693	3687.8864
332.1947	332.1947	23848.0056
332.2081	332.2081	1532.6757
333.1172	333.1172	1663.5682
333.1536	333.1536	72968.7467
333.1673	333.1673	1102.0382
333.1899	333.1899	27202.5143
333.2264	333.2264	3001.7668
334.1012	334.1012	2212.6188
334.1375	334.1375	7082.4792
334.1487	334.1487	14842.0874
334.1567	334.1567	1524.6993
334.1740	334.1740	3671.9488
334.1851	334.1851	4360.2266
334.2102	334.2102	1551.6696
335.0965	335.0965	1969.3635
335.1328	335.1328	4455.0692
335.1692	335.1692	35133.4913
335.2056	335.2056	16608.4158
336.1167	336.1167	1737.7697
336.1282	336.1282	1643.6183
336.1531	336.1531	5491.9678
336.1644	336.1644	13717.8123
336.1895	336.1895	1556.5238
336.2007	336.2007	17566.9206
337.1120	337.1120	3343.6492
337.1484	337.1484	17701.553
337.1849	337.1849	2150.3202
337.1985	337.1985	1877.5793
338.0965	338.0965	1286.5561
338.1478	338.1478	15150.4874
338.1800	338.1800	1896.9462
338.1827	338.1827	2128.6145
339.1429	339.1429	3710.0828
339.1463	339.1463	1504.8872
339.1642	339.1642	3002.8244
339.1778	339.1778	1369.9358
339.2142	339.2142	6048.6546
340.1269	340.1269	2690.0449
340.1633	340.1633	2002.4729
340.1982	340.1982	1832.6276
341.1109	341.1109	2344.6852
341.1198	341.1198	1102.3898
341.1224	341.1224	1238.285
341.1586	341.1586	7396.2472
341.2298	341.2298	5437.9935
342.1426	342.1426	6741.8186
342.1537	342.1537	7296.7524
342.2251	342.2251	2281.3489
343.1379	343.1379	7076.1684
343.1742	343.1742	3275.4205
344.1220	344.1220	1500.501
344.1330	344.1330	1174.3248
344.1582	344.1582	1730.3143
344.1697	344.1697	4337.108
344.1947	344.1947	1222.4937
344.2058	344.2058	1978.1913
345.1536	345.1536	24880.7277
345.1900	345.1900	13092.0535
346.1374	346.1374	2122.3268
346.1488	346.1488	2221.6487
346.1740	346.1740	4152.8371
346.1852	346.1852	6151.9063
346.2103	346.2103	18265.2022
347.1328	347.1328	6329.5747
347.1439	347.1439	2978.5639
347.1692	347.1692	74716.2261
347.1804	347.1804	16831.3325
347.2055	347.2055	32680.231
348.0165	348.0165	1094.3206
348.0309	348.0309	1375.973
348.1166	348.1166	1217.9865
348.1279	348.1279	4824.9095
348.1355	348.1355	2879.0047
348.1532	348.1532	17185.3944
348.1644	348.1644	13450.1624
348.1727	348.1727	3126.2364
348.1781	348.1781	1585.1325
348.1896	348.1896	1475.1416
348.2008	348.2008	2091.2941
348.2033	348.2033	2522.0178
349.1120	349.1120	1294.1759
349.1484	349.1484	15838.1848
349.1847	349.1847	27751.3897
349.2211	349.2211	11590.9659
350.1589	350.1589	4114.4263
350.1692	350.1692	1921.5789
350.1801	350.1801	13560.1572
350.1939	350.1939	2021.7674
350.2189	350.2189	24099.4467
351.1278	351.1278	2223.6651
351.1641	351.1641	8458.6112
352.2092	352.2092	1303.2234
352.2346	352.2346	6239.1705
353.1587	353.1587	2342.6641
353.1798	353.1798	6856.6189
353.1934	353.1934	2520.2618
353.2297	353.2297	1592.3636
354.1426	354.1426	7755.09
354.1539	354.1539	20227.2103
355.1742	355.1742	5298.0984
355.2089	355.2089	1777.7033
356.1582	356.1582	2324.514
356.1694	356.1694	16241.269
357.1171	357.1171	4920.4136
357.1535	357.1535	4512.0682
357.1648	357.1648	2108.7898
357.1898	357.1898	9769.1198
358.1488	358.1488	10399.9293
358.1852	358.1852	2973.4077
359.1692	359.1692	18055.1173
359.1804	359.1804	18185.3213
359.2055	359.2055	6613.7926
359.2168	359.2168	2679.9268
360.1279	360.1279	1582.7078
360.1644	360.1644	8836.187
360.2005	360.2005	3388.9029
360.2259	360.2259	6532.3535
361.1484	361.1484	4870.3335
361.1848	361.1848	43374.4059
361.1958	361.1958	1232.1077
361.2212	361.2212	20352.0819
362.1437	362.1437	19365.1406
362.1688	362.1688	18814.1811
362.1800	362.1800	18636.2632
362.2162	362.2162	2680.9891
363.1276	363.1276	4820.0238
363.1390	363.1390	1362.3538
363.1465	363.1465	1812.2185
363.1641	363.1641	23714.0562
363.2004	363.2004	17573.5958
363.2368	363.2368	9233.7274
364.1115	364.1115	1665.0675
364.1594	364.1594	5637.4407
364.1630	364.1630	1452.8492
364.1957	364.1957	23383.6484
365.1434	365.1434	2732.8953
365.1621	365.1621	1947.8456
365.1798	365.1798	6569.6171
365.1929	365.1929	1674.8249
365.2161	365.2161	3044.4796
365.2299	365.2299	3080.7103
366.1787	366.1787	9961.1788
366.2251	366.2251	2933.3593
366.2501	366.2501	3780.1206
367.1379	367.1379	2179.3365
367.1742	367.1742	4141.242
367.2454	367.2454	6550.5944
368.1584	368.1584	6439.2931
368.1696	368.1696	3346.5242
368.2044	368.2044	2288.7152
369.1535	369.1535	4969.1445
369.1649	369.1649	1563.1726
369.1899	369.1899	4514.1849
369.2012	369.2012	1737.5204
369.2612	369.2612	3915.904
370.1377	370.1377	3624.3728
370.1740	370.1740	2796.1194
370.1850	370.1850	3558.3367
370.2200	370.2200	3321.1673
371.1329	371.1329	1988.9887
371.1691	371.1691	14323.6139
371.1806	371.1806	2984.3898
371.2054	371.2054	5902.5225
372.1645	372.1645	2152.4473
372.2006	372.2006	4116.797
373.1848	373.1848	39697.1736
373.1960	373.1960	4545.768
373.2212	373.2212	3372.4924
374.1438	374.1438	9466.453
374.1800	374.1800	18136.3079
375.1643	375.1643	5395.6844
375.2005	375.2005	32438.1253
375.2369	375.2369	4004.5417
376.1593	376.1593	20036.8733
376.1846	376.1846	2133.509
376.1956	376.1956	26005.549
377.1433	377.1433	6008.9719
377.1586	377.1586	1558.9598
377.1797	377.1797	23515.7805
377.2161	377.2161	4447.1614
377.2524	377.2524	3163.1908
378.1274	378.1274	1212.9476
378.1750	378.1750	9409.6375
378.2115	378.2115	13674.948
379.1589	379.1589	2474.2444
379.1703	379.1703	1122.1809
379.1743	379.1743	1959.3454
379.1955	379.1955	3212.0787
380.1906	380.1906	2458.0157
380.1946	380.1946	5115.5289
381.1532	381.1532	2423.6276
381.1746	381.1746	1435.1167
381.1896	381.1896	6673.1732
381.2246	381.2246	2149.9607
382.1375	382.1375	1447.9023
382.1738	382.1738	2124.0901
383.1692	383.1692	4502.1456
383.2055	383.2055	7873.0837
384.1896	384.1896	3203.8609
384.2355	384.2355	1672.4678
385.1481	385.1481	1749.5994
385.1849	385.1849	3492.8168
385.1962	385.1962	2729.3958
386.1436	386.1436	4266.0026
386.1802	386.1802	5613.603
386.2166	386.2166	4142.9944
387.1641	387.1641	6178.2116
387.2004	387.2004	12089.9948
387.2117	387.2117	5819.7229
387.2368	387.2368	25661.1316
388.1594	388.1594	8134.7649
388.1958	388.1958	12542.6314
389.1432	389.1432	1349.6585
389.1797	389.1797	5394.122
389.2161	389.2161	28081.687
389.2526	389.2526	3995.525
390.1750	390.1750	33192.73
390.2113	390.2113	36454.5081
391.1590	391.1590	11729.866
391.1703	391.1703	2873.3392
391.1954	391.1954	15353.8053
391.2319	391.2319	2566.798
391.2683	391.2683	2545.1864
392.1545	392.1545	1833.4195
392.1694	392.1694	1248.1133
392.1906	392.1906	11418.6024
392.2269	392.2269	8461.7893
393.1749	393.1749	2472.4839
393.2111	393.2111	1626.1387
394.1703	394.1703	1980.5516
394.2064	394.2064	2472.2022
395.1690	395.1690	5984.1387
395.1808	395.1808	2350.0066
395.2055	395.2055	3793.3431
395.2404	395.2404	1728.6345
396.1533	396.1533	7692.8563
396.1896	396.1896	2413.2114
396.2357	396.2357	1571.1069
397.1486	397.1486	3131.2311
397.1847	397.1847	8802.6017
397.2210	397.2210	2038.2497
398.1688	398.1688	2028.2462
398.1802	398.1802	1713.6572
398.2164	398.2164	19213.1972
398.2513	398.2513	3591.2071
399.1641	399.1641	1387.7203
399.2004	399.2004	10020.2226
399.2116	399.2116	1958.5737
400.1954	400.1954	4891.7012
401.1797	401.1797	1683.0756
401.1909	401.1909	3489.848
401.2163	401.2163	13546.0118
402.1750	402.1750	9745.8522
402.2114	402.2114	16502.5519
402.2224	402.2224	1054.3654
403.1590	403.1590	2103.8558
403.1700	403.1700	2691.8412
403.1957	403.1957	2486.1103
403.2065	403.2065	1954.4843
403.2318	403.2318	20607.8462
403.2455	403.2455	1344.537
404.1906	404.1906	28484.7059
404.2158	404.2158	6652.5225
404.2270	404.2270	7453.9601
405.1747	405.1747	5266.0658
405.1860	405.1860	4877.5362
405.2109	405.2109	5597.1441
405.2477	405.2477	5387.1047
406.1699	406.1699	2527.2671
406.2063	406.2063	16568.5934
406.2427	406.2427	3538.8913
407.1903	407.1903	16955.4299
407.2267	407.2267	4234.0182
408.1855	408.1855	5951.2186
408.2220	408.2220	2720.5852
408.2466	408.2466	2641.0258
409.1848	409.1848	5571.6013
410.1799	410.1799	1151.0282
410.2518	410.2518	1791.6327
411.1641	411.1641	2168.8801
411.2004	411.2004	11021.557
412.1483	412.1483	2548.0202
412.1593	412.1593	12911.4602
412.1957	412.1957	5614.1471
412.2319	412.2319	2602.9523
413.1798	413.1798	3880.583
413.1910	413.1910	5011.5981
413.2160	413.2160	2465.6884
413.2274	413.2274	3426.8078
413.2518	413.2518	1539.2684
414.1750	414.1750	4548.4395
414.2114	414.2114	4487.4963
414.2225	414.2225	1134.7552
414.2476	414.2476	1613.5161
415.1955	415.1955	2054.8194
415.2065	415.2065	2768.789
415.2319	415.2319	6383.8116
416.1906	416.1906	11028.7454
416.2016	416.2016	1623.6409
416.2271	416.2271	8012.9302
417.1748	417.1748	3538.4984
417.1859	417.1859	1663.1818
417.2110	417.2110	5862.4608
417.2475	417.2475	7241.0597
418.1699	418.1699	1290.8609
418.2063	418.2063	43333.5278
418.2174	418.2174	9110.6836
418.2427	418.2427	13563.5684
419.1657	419.1657	1900.2985
419.1904	419.1904	4067.1164
419.2015	419.2015	7777.3992
419.2269	419.2269	3328.3478
420.1856	420.1856	5048.7763
420.2220	420.2220	9573.4002
420.2583	420.2583	3627.0919
421.1695	421.1695	1110.8598
421.1960	421.1960	1513.438
421.2060	421.2060	1846.5863
421.2175	421.2175	4883.8537
421.2557	421.2557	1251.8522
422.1688	422.1688	2036.2383
422.2013	422.2013	6660.0408
422.2159	422.2159	1692.0899
423.1642	423.1642	1938.9281
423.1853	423.1853	2195.3551
423.2003	423.2003	3499.1237
424.1957	424.1957	1291.7191
424.2308	424.2308	1385.6713
424.2671	424.2671	1612.9889
425.1797	425.1797	7199.0354
425.2159	425.2159	4044.6582
425.2270	425.2270	1833.2665
425.2514	425.2514	1247.2821
426.1641	426.1641	1107.5403
426.2112	426.2112	3885.6089
426.2468	426.2468	1674.219
427.1954	427.1954	8185.0189
427.2067	427.2067	3063.6678
428.1796	428.1796	1148.2489
428.1906	428.1906	3839.8187
428.2019	428.2019	1426.3245
428.2269	428.2269	4327.0895
429.1859	429.1859	4138.5858
429.2110	429.2110	2363.1047
429.2476	429.2476	1437.5078
430.1704	430.1704	1751.121
430.2064	430.2064	3871.6274
430.2426	430.2426	8823.7044
431.2017	431.2017	8735.2006
431.2267	431.2267	3011.9197
431.2631	431.2631	2330.6479
432.1857	432.1857	2992.5288
432.2220	432.2220	18795.7797
432.2359	432.2359	1769.935
432.2583	432.2583	13498.0647
433.2060	433.2060	3194.6179
433.2172	433.2172	22107.6587
433.2422	433.2422	2455.1402
434.2013	434.2013	6639.8849
434.2377	434.2377	9502.2115
434.2740	434.2740	1377.7395
435.2000	435.2000	2593.5507
435.2329	435.2329	9034.4635
436.1805	436.1805	1868.4655
436.1958	436.1958	1457.6487
436.2167	436.2167	3317.4831
436.2536	436.2536	1384.3081
437.1798	437.1798	1423.1491
437.2158	437.2158	6119.7091
438.2116	438.2116	4017.7711
438.2824	438.2824	2221.2612
439.1956	439.1956	6548.1462
439.2667	439.2667	1401.6763
440.1904	440.1904	2467.089
440.2266	440.2266	7906.365
440.2629	440.2629	1617.6822
440.2982	440.2982	1466.5086
441.1744	441.1744	1323.1269
441.1982	441.1982	1301.3171
441.2109	441.2109	2450.2547
441.2224	441.2224	2920.111
442.2063	442.2063	5077.4539
442.2178	442.2178	1730.2662
442.2305	442.2305	1125.4688
442.2426	442.2426	3658.3928
442.2777	442.2777	1629.6491
443.2019	443.2019	1398.1696
443.2267	443.2267	1611.313
443.2380	443.2380	4893.394
444.2220	444.2220	21918.2332
444.2333	444.2333	5733.7364
444.2586	444.2586	2839.7923
445.2173	445.2173	4317.3367
445.2537	445.2537	1684.2231
445.2790	445.2790	2986.837
446.2013	446.2013	5462.8565
446.2376	446.2376	17425.8686
446.2740	446.2740	6692.1451
447.2330	447.2330	11973.9692
447.2578	447.2578	1494.1125
447.2694	447.2694	2073.543
448.1807	448.1807	1821.8718
448.2169	448.2169	12511.3577
448.2533	448.2533	6472.8833
448.2903	448.2903	1520.1579
449.2129	449.2129	2617.9984
449.2374	449.2374	1331.8012
449.2491	449.2491	2515.9873
449.2864	449.2864	2223.7824
450.1960	450.1960	2243.1713
450.2113	450.2113	1796.2793
450.2325	450.2325	4467.2015
450.2460	450.2460	1730.9316
451.1944	451.1944	1524.9599
451.2275	451.2275	1662.0229
451.2316	451.2316	2631.7356
452.1904	452.1904	1549.5715
452.2268	452.2268	6740.6704
453.1747	453.1747	1744.7118
453.2108	453.2108	6175.0014
454.2062	454.2062	4130.2726
454.2425	454.2425	2297.7127
455.1538	455.1538	2179.6318
455.1902	455.1902	4239.4905
455.2014	455.2014	1572.3075
455.2263	455.2263	2129.4845
456.1860	456.1860	3465.5094
456.2221	456.2221	6386.0457
456.2333	456.2333	1828.7795
456.2582	456.2582	4649.0779
457.1810	457.1810	2474.8947
457.2422	457.2422	3429.1265
457.2538	457.2538	3221.6347
457.2782	457.2782	1136.2153
458.2011	458.2011	1725.8332
458.2123	458.2123	1215.4019
458.2375	458.2375	6924.0206
458.2488	458.2488	1156.5764
458.2741	458.2741	3351.2838
459.1965	459.1965	2093.5311
459.2328	459.2328	4634.0827
459.2582	459.2582	1242.3396
459.2705	459.2705	1258.2273
460.2167	460.2167	2683.186
460.2532	460.2532	6655.3598
460.2653	460.2653	2279.8749
460.2896	460.2896	4160.5669
461.2124	461.2124	9205.3237
461.2374	461.2374	2260.462
461.2486	461.2486	10609.0794
462.1960	462.1960	2328.4988
462.2327	462.2327	4234.1549
462.2575	462.2575	1528.3595
462.2696	462.2696	2578.6854
462.2821	462.2821	1148.5802
462.3052	462.3052	1716.678
463.2278	463.2278	6914.2498
463.2527	463.2527	1349.4414
463.2643	463.2643	7513.2525
464.2117	464.2117	4226.2435
464.2482	464.2482	2977.5782
465.2436	465.2436	1713.8892
466.2065	466.2065	2048.6917
466.2280	466.2280	2026.6877
466.2424	466.2424	6023.4756
466.3141	466.3141	3267.8685
467.2375	467.2375	3042.8464
467.2734	467.2734	1209.9161
468.1851	468.1851	1689.9916
468.2221	468.2221	3438.9279
468.2328	468.2328	1688.5612
468.2579	468.2579	3420.8226
468.3297	468.3297	1431.631
469.2172	469.2172	1663.724
469.2534	469.2534	2848.6848
470.2011	470.2011	1921.1468
470.2376	470.2376	7352.5222
470.2734	470.2734	4831.6146
471.2328	471.2328	2406.4564
471.2438	471.2438	1717.3148
471.2693	471.2693	1570.2062
472.2169	472.2169	2694.4086
472.2280	472.2280	1326.9496
472.2536	472.2536	6524.6696
472.2899	472.2899	1864.3073
472.3008	472.3008	4221.3218
473.2126	473.2126	2687.6406
473.2483	473.2483	3936.7023
474.2077	474.2077	1463.2109
474.2327	474.2327	2734.8521
474.2689	474.2689	8847.2791
475.2278	475.2278	7176.7041
475.2643	475.2643	7748.187
476.2118	476.2118	5141.8326
476.2232	476.2232	1754.7101
476.2485	476.2485	2831.0777
476.2615	476.2615	1114.1719
476.2848	476.2848	3788.623
477.2075	477.2075	1882.27
477.2438	477.2438	5237.4394
477.2808	477.2808	2322.4329
477.3165	477.3165	1174.5653
478.2422	478.2422	1672.9849
478.3005	478.3005	1181.1435
479.2228	479.2228	1714.4782
479.2589	479.2589	1392.914
480.2218	480.2218	2907.0524
481.2061	481.2061	1650.7973
481.2173	481.2173	2195.5977
481.2387	481.2387	4271.1416
481.3251	481.3251	1541.1449
482.2016	482.2016	2258.3732
482.2377	482.2377	1423.7074
482.2732	482.2732	4616.5826
483.1849	483.1849	1302.5435
483.2215	483.2215	1347.9257
483.2329	483.2329	1558.2463
483.2690	483.2690	2805.8932
483.3406	483.3406	2927.796
484.2533	484.2533	1607.0864
484.2883	484.2883	1812.4821
485.2123	485.2123	1893.2151
485.2488	485.2488	3261.5241
485.2841	485.2841	3097.7798
486.2326	486.2326	1789.3684
486.2436	486.2436	2110.3049
486.2686	486.2686	1531.8272
487.2278	487.2278	14863.6827
487.2641	487.2641	3558.6479
488.2487	488.2487	3106.6026
488.2847	488.2847	5131.7804
489.2435	489.2435	7799.878
489.2546	489.2546	2923.4094
489.2800	489.2800	5829.5581
490.2277	490.2277	2864.7687
490.2389	490.2389	2385.9339
490.2639	490.2639	3761.471
491.2232	491.2232	4152.7922
491.2594	491.2594	3262.5519
491.2957	491.2957	2868.3402
492.2431	492.2431	1715.3932
492.2561	492.2561	4139.2624
492.2797	492.2797	1669.2584
492.2933	492.2933	1763.0097
494.2375	494.2375	1948.7466
495.2330	495.2330	2008.8497
496.2534	496.2534	4319.7604
497.2482	497.2482	4135.359
498.2324	498.2324	1610.0551
498.2436	498.2436	1474.8726
498.2685	498.2685	2365.643
499.2278	499.2278	2033.4258
499.2998	499.2998	2258.1582
500.2236	500.2236	1469.5586
500.2479	500.2479	1491.0872
500.2594	500.2594	2047.0028
500.2843	500.2843	1700.7283
500.3206	500.3206	2678.4116
501.2074	501.2074	1123.5016
501.2434	501.2434	5592.869
502.2275	502.2275	1393.225
502.2640	502.2640	2237.5268
503.2593	503.2593	3655.9413
503.2709	503.2709	2401.1013
503.2956	503.2956	3180.5417
504.2430	504.2430	2108.2736
504.2546	504.2546	3826.615
504.2795	504.2795	2353.0584
505.2389	505.2389	5489.2733
505.2750	505.2750	1587.9607
506.2704	506.2704	3096.3453
507.2177	507.2177	1121.0163
507.2544	507.2544	2815.1953
508.2534	508.2534	1334.0204
508.2878	508.2878	1354.7572
509.2489	509.2489	1478.3749
509.2840	509.2840	1296.8955
509.3199	509.3199	3040.5327
510.1965	510.1965	1589.3814
510.2326	510.2326	5718.1845
510.2687	510.2687	3644.9356
511.2631	511.2631	1380.189
511.3003	511.3003	1801.4265
512.2480	512.2480	7106.9872
513.2438	513.2438	1318.9798
513.2792	513.2792	2913.0634
514.2635	514.2635	1336.325
514.2750	514.2750	2655.7185
515.2593	515.2593	10568.1375
516.2433	516.2433	1273.0075
516.2542	516.2542	1426.8895
516.2914	516.2914	1422.3888
516.3161	516.3161	1186.5726
517.2748	517.2748	9920.8134
517.3118	517.3118	2847.7059
517.3229	517.3229	3598.8498
518.2336	518.2336	1852.1247
518.2591	518.2591	2010.6274
518.2711	518.2711	3788.5894
519.2540	519.2540	2776.703
519.2903	519.2903	2422.6051
519.3041	519.3041	1254.858
520.2749	520.2749	1630.0791
520.2876	520.2876	1295.0473
521.2331	521.2331	1329.5103
522.2677	522.2677	1632.9105
523.2639	523.2639	1203.8155
524.2484	524.2484	3122.0419
524.2847	524.2847	3440.165
525.2435	525.2435	2518.5503
525.2798	525.2798	1746.4223
525.2898	525.2898	1759.306
526.2750	526.2750	1220.9439
526.3109	526.3109	1683.8104
527.2594	527.2594	7745.2298
527.2952	527.2952	3013.3756
527.3307	527.3307	1468.7186
528.2440	528.2440	1611.4751
528.2553	528.2553	1670.0992
529.2749	529.2749	3176.3808
529.3111	529.3111	2754.5034
530.2705	530.2705	4553.7517
530.3068	530.3068	2591.4755
531.2909	531.2909	3446.1053
531.3034	531.3034	2602.4006
531.3267	531.3267	2188.1014
532.2496	532.2496	2643.1143
532.2863	532.2863	7053.0191
533.2336	533.2336	1794.23
533.2700	533.2700	5934.8272
533.2835	533.2835	1596.2362
533.3062	533.3062	1942.7319
533.3423	533.3423	1613.2251
534.2284	534.2284	1121.8951
534.3024	534.3024	4047.7827
535.2491	535.2491	1650.2058
535.2639	535.2639	1534.5395
535.2857	535.2857	1423.914
535.3343	535.3343	1171.1047
536.2439	536.2439	1535.2597
537.2436	537.2436	1742.7211
537.2793	537.2793	1885.7883
539.2592	539.2592	2125.0306
539.2950	539.2950	1518.2179
539.3314	539.3314	1183.5508
540.2420	540.2420	1198.0102
540.2545	540.2545	2548.7846
540.2908	540.2908	1107.2288
541.2748	541.2748	3930.968
541.3105	541.3105	1741.8725
542.2223	542.2223	1381.4651
542.2699	542.2699	1877.9751
543.2902	543.2902	3345.4598
544.2858	544.2858	1782.2358
545.3063	545.3063	3395.4185
545.3424	545.3424	1839.4356
546.2660	546.2660	1600.1593
546.3014	546.3014	2013.1741
547.2607	547.2607	5466.6737
547.2858	547.2858	1615.0779
547.3220	547.3220	4913.7959
548.2444	548.2444	2098.0095
548.2818	548.2818	2803.6172
548.3175	548.3175	4904.1115
550.2974	550.2974	1638.4479
550.3103	550.3103	1148.458
550.3207	550.3207	2198.9327
550.3438	550.3438	1369.7605
551.2950	551.2950	1995.6514
551.3665	551.3665	1161.6276
552.2429	552.2429	1504.883
553.2750	553.2750	2180.733
553.3105	553.3105	1480.2741
554.2698	554.2698	1619.1906
554.3064	554.3064	1522.9896
554.3415	554.3415	1241.0938
555.2538	555.2538	1973.1682
555.2901	555.2901	2562.8705
556.2856	556.2856	1650.7954
556.3107	556.3107	1430.7671
557.2688	557.2688	2013.4006
557.3060	557.3060	2349.0917
558.3017	558.3017	4705.9954
559.2991	559.2991	1604.6693
559.3219	559.3219	1176.3951
560.2812	560.2812	1863.6883
560.3170	560.3170	5380.1081
561.2645	561.2645	1323.8362
561.3011	561.3011	1678.9129
562.2971	562.2971	4686.3925
562.3330	562.3330	3288.8659
563.2819	563.2819	1202.1241
563.2942	563.2942	2099.6091
564.3257	564.3257	1629.7502
565.2965	565.2965	1216.548
567.2542	567.2542	1595.3364
567.2905	567.2905	1677.0361
568.3217	568.3217	4671.26
569.2693	569.2693	2536.191
570.3370	570.3370	1406.0477
571.3325	571.3325	1564.6232
572.2809	572.2809	2834.3829
572.3174	572.3174	2852.2592
573.2765	573.2765	1132.3793
573.3140	573.3140	1305.8307
574.3332	574.3332	3636.8683
575.2801	575.2801	3102.2883
575.2920	575.2920	4825.9727
575.3169	575.3169	4727.7833
575.3291	575.3291	2534.3939
575.3529	575.3529	3033.4481
576.2753	576.2753	2416.7894
576.3119	576.3119	3945.9433
577.2965	577.2965	3185.4721
578.3274	578.3274	1568.1485
578.3412	578.3412	1793.3538
579.2901	579.2901	1503.1718
579.3118	579.3118	2435.5727
580.2857	580.2857	1843.9463
581.2700	581.2700	3071.3459
581.3047	581.3047	1107.3987
582.2652	582.2652	1382.2022
582.3014	582.3014	1298.5635
582.3367	582.3367	1124.5842
583.2851	583.2851	2568.566
583.3219	583.3219	1449.7033
583.3327	583.3327	1129.1482
584.2810	584.2810	1487.2459
584.3169	584.3169	1267.8567
585.2643	585.2643	1340.979
585.2764	585.2764	1169.9447
585.3490	585.3490	1195.7948
586.2975	586.2975	2534.2078
586.3325	586.3325	1820.8338
587.2797	587.2797	1302.1604
587.2912	587.2912	1507.7988
587.3302	587.3302	1672.9966
588.3128	588.3128	2020.633
588.3484	588.3484	2398.6144
588.3623	588.3623	1281.9556
589.2957	589.2957	2009.3622
589.3080	589.3080	1230.1422
590.2920	590.2920	1544.887
590.3048	590.3048	1990.4462
590.3280	590.3280	2614.4709
591.3125	591.3125	1828.2203
591.3234	591.3234	1125.7226
592.3442	592.3442	2805.1321
594.3244	594.3244	3194.9502
595.2859	595.2859	2305.6148
596.2806	596.2806	1684.2923
598.2959	598.2959	6461.9734
600.2768	600.2768	1705.477
600.3114	600.3114	1971.8348
600.3477	600.3477	2377.6886
601.3083	601.3083	2117.864
601.3323	601.3323	2332.7838
602.2917	602.2917	2049.5502
602.3283	602.3283	1705.0744
603.2875	603.2875	2121.9074
603.3234	603.3234	2280.6641
603.3487	603.3487	1977.3699
604.3430	604.3430	1179.2554
605.3028	605.3028	1217.7119
605.3387	605.3387	2253.7379
606.3018	606.3018	1276.3524
606.3371	606.3371	1105.7813
607.3200	607.3200	1258.2604
611.2806	611.2806	1107.1236
611.3175	611.3175	1525.1368
613.2948	613.2948	1341.1528
614.3272	614.3272	1788.873
615.3599	615.3599	1129.0293
616.3063	616.3063	1586.5601
616.3434	616.3434	3003.3373
617.3397	617.3397	2700.9243
618.3595	618.3595	4394.9512
619.3545	619.3545	1480.9117
624.3478	624.3478	1221.9484
626.2911	626.2911	1732.7904
626.3637	626.3637	1729.0034
627.3585	627.3585	1167.1341
628.3430	628.3430	1556.8803
629.3392	629.3392	1756.1931
630.3345	630.3345	1922.5756
630.3589	630.3589	1751.187
631.3570	631.3570	2223.4238
633.3346	633.3346	1967.4054
634.3301	634.3301	1995.9113
634.3545	634.3545	1138.5084
635.3510	635.3510	1686.8236
636.3481	636.3481	1157.7308
637.2971	637.2971	1182.7676
638.2914	638.2914	1297.2586
640.3426	640.3426	1650.1891
641.3376	641.3376	1098.8713
642.3228	642.3228	1301.031
643.3182	643.3182	2078.9
643.3552	643.3552	1916.095
644.3385	644.3385	1800.1874
646.3292	646.3292	2372.5386
646.3541	646.3541	3435.1605
647.3279	647.3279	1080.8212
650.3632	650.3632	2222.4718
651.3690	651.3690	1124.7507
652.3055	652.3055	1286.267
652.3784	652.3784	1213.7977
653.3738	653.3738	1636.0269
654.3221	654.3221	1429.8595
655.3182	655.3182	1317.7432
655.3909	655.3909	1106.0892
656.3726	656.3726	1398.0595
656.3858	656.3858	1432.5515
657.3334	657.3334	2034.4724
659.3498	659.3498	1822.0364
660.3453	660.3453	2198.3418
661.3289	661.3289	1313.8279
662.3485	662.3485	1361.2965
663.3435	663.3435	2033.8142
665.3616	665.3616	1317.8648
666.2882	666.2882	1605.9887
666.3222	666.3222	1182.5772
666.3579	666.3579	1258.8549
668.2784	668.2784	1070.3188
670.3997	670.3997	1181.8279
672.3453	672.3453	3240.3085
673.3642	673.3642	2094.4806
674.3477	674.3477	1292.7703
674.3971	674.3971	1383.2175
675.3801	675.3801	1410.8405
678.3581	678.3581	1336.7413
680.3499	680.3499	1275.5263
681.3555	681.3555	2209.4638
685.3291	685.3291	1587.1212
685.3650	685.3650	1599.5765
686.3982	686.3982	1429.8986
687.3802	687.3802	2727.4135
688.3774	688.3774	1802.3587
689.3592	689.3592	1593.4986
690.3434	690.3434	1997.5149
690.3796	690.3796	1402.7717
690.3926	690.3926	1232.837
694.3158	694.3158	1283.1436
695.3963	695.3963	2387.7911
699.3442	699.3442	1101.6376
700.3779	700.3779	1197.6145
701.3960	701.3960	1488.7072
703.3881	703.3881	1140.6087
704.3367	704.3367	2147.6195
705.3911	705.3911	1211.2205
707.3472	707.3472	1175.8875
708.4049	708.4049	1371.6837
709.3284	709.3284	1999.3909
710.3466	710.3466	1556.4446
712.4126	712.4126	1273.025
713.3964	713.3964	1326.8607
714.3923	714.3923	1654.8459
715.3865	715.3865	1531.1643
716.4063	716.4063	1164.2761
717.3657	717.3657	2229.0809
718.3869	718.3869	1447.0918
722.3469	722.3469	1125.6455
723.3666	723.3666	1152.1882
725.3716	725.3716	1401.5702
726.3549	726.3549	1862.6923
732.3657	732.3657	2009.1765
735.3646	735.3646	1337.0815
737.3816	737.3816	1592.1551
738.4270	738.4270	1255.7417
743.4564	743.4564	1287.9281
755.4189	755.4189	1305.1964
758.4181	758.4181	1645.3512
775.4456	775.4456	1125.8381
781.4222	781.4222	1448.9023
783.0766	783.0766	2763.6944
785.4274	785.4274	1274.4215
792.3879	792.3879	1427.7666
798.4481	798.4481	1609.2437
804.4598	804.4598	1224.3712
808.4187	808.4187	2786.1051
810.4148	810.4148	2322.2506
811.4229	811.4229	2001.618
813.4227	813.4227	1255.0566
820.4287	820.4287	1372.3371
822.4153	822.4153	2519.5405
823.4445	823.4445	1185.616
832.3929	832.3929	1112.9815
835.4313	835.4313	1068.9129
836.3722	836.3722	1121.9145
838.4084	838.4084	1332.4811
838.4537	838.4537	1380.4469
841.4511	841.4511	1367.4547
842.4513	842.4513	1107.0841
843.4719	843.4719	1174.3233
844.4142	844.4142	1385.5795
851.4240	851.4240	1284.5652
855.4877	855.4877	1105.0157
859.4125	859.4125	1546.8368
875.4744	875.4744	1053.9623
875.5284	875.5284	1132.1472
878.4350	878.4350	1321.9819
882.4198	882.4198	1154.8985
891.4545	891.4545	1374.3335
895.4180	895.4180	1054.3748
907.4870	907.4870	2562.9444
910.4909	910.4909	1353.041
911.5413	911.5413	1449.7907
913.4893	913.4893	1235.0438
914.4412	914.4412	1380.4085
922.4981	922.4981	1569.8263
923.5000	923.5000	1517.9382
926.4733	926.4733	1072.3826
955.4523	955.4523	1266.2946
968.5321	968.5321	1638.9792
976.5076	976.5076	1589.7062
983.5437	983.5437	2070.015
1008.5494	1008.5494	1632.7203
1020.5690	1020.5690	1478.0455
1099.5387	1099.5387	1103.4001
1124.8161	1124.8161	1149.4112
1124.8553	1124.8553	1364.9627
1140.5997	1140.5997	1377.1743
1150.6320	1150.6320	1267.2124
1202.6206	1202.6206	1150.145
1268.6838	1268.6838	1231.3537
1331.6267	1331.6267	1276.6995
1335.6944	1335.6944	1430.418
1480.7682	1480.7682	1024.7781
1491.7268	1491.7268	1372.3399
1669.3290	1669.3290	1100.7928
1673.7858	1673.7858	1207.8081
1738.8947	1738.8947	1160.3603
